27822
5731
20276
19111
20366
24650
49
22743
22978
23200
8347
14999
6088
29180
29817
18016
24194
24265
28002
5887
20189
10833
27454
22854
15537
2587
31313
8706
31976
1399
12917
24621
24291
6487
7078
16228
21785
20064
15300
3739
4353
30017
12693
32527
5683
32068
266
20348
2250
6434
29891
14224
15116
9756
14548
10144
15949
2375
4810
12443
31504
30504
23273
10300
5232
22912
6840
23939
6846
18281
29888
29029
20844
17314
14736
10179
3113
13608
19972
17561
26446
19974
18119
18808
24441
21613
23831
10038
3191
519
8392
14308
872
28041
2956
5376
9245
12936
22897
7660
