21957
19341
19115
17055
30409
21099
12948
26267
1012
6864
30705
28702
15063
23323
27255
22429
15212
22381
4494
19310
27897
17155
22612
15301
10807
19395
15077
25313
30900
1044
22746
7559
20342
7923
4367
10160
12513
12868
2730
4479
7131
29541
20312
117
6189
8713
23258
4328
25132
5444
17345
27569
31130
7906
24949
25638
6087
14589
4988
12872
20731
12751
3577
7485
25880
18884
20339
10752
892
30675
9176
8791
1573
18447
22722
2053
26648
2169
1784
18497
31491
14361
5432
17256
8225
27725
22580
31983
2142
8288
29658
1947
16316
9054
25048
500
2037
6183
16736
14071
18018
15299
21544
14091
2331
26101
19638
32054
26464
30739
20954
29841
16695
11796
23420
29177
8791
1515
19607
30216
19525
12564
28294
19267
11197
17516
12671
21653
15699
6725
22109
8189
9562
6842
26018
4483
32517
24128
6076
14960
9932
24190
4743
12478
1041
10591
8212
31438
5636
19045
17065
25433
18372
24128
18952
18857
20423
1183
19956
16905
7803
9286
12786
6778
8237
13664
5709
6055
22059
1559
23132
32283
2853
11619
5127
15282
9945
8223
8328
17741
25840
7266
12911
31946
29474
24332
233
13108
15009
22431
31809
6966
22709
20049
11175
16342
2723
12383
6193
21344
4308
30371
26911
27295
19763
23145
5475
30803
8407
19583
20065
7392
19682
25227
2035
7748
23209
11937
16816
7243
20245
13589
30062
21766
11593
29838
20229
3449
3204
13404
4438
29332
17737
3340
19596
1637
31166
24377
18850
28043
32083
11429
20262
12526
24483
1928
9020
18349
7839
3111
28389
32088
17385
6313
26241
2144
29054
14118
23443
25803
8600
28162
7109
18220
7635
27257
16684
15315
29070
14714
22476
17985
23444
697
31839
5343
764
31232
22610
7407
29517
31429
7953
12994
9190
514
28804
29227
3741
31297
17625
2869
6567
3574
17797
18193
22712
29714
14213
22866
26986
27349
23274
20829
28387
21732
25492
16410
28850
11419
28478
26096
8443
16804
7355
31985
19924
29897
10366
29521
494
26118
12896
10781
6264
18659
4254
3113
18496
21249
21537
4427
27164
30962
25091
454
32392
27981
17998
3593
13968
5634
9223
3738
1009
27628
26219
77
29819
30885
6008
4281
23737
26270
32687
20204
5588
22383
29465
21598
21173
29803
28552
31268
20586
28024
28703
28262
26059
23070
6676
15891
13917
12509
9909
9939
3190
18628
11945
17726
7842
6463
14969
29515
17478
11313
15439
27403
23939
30274
22269
407
29277
2427
5696
3655
19741
22032
31814
21028
5107
28028
2159
29600
9696
31699
6993
25221
16083
27476
23550
14380
10003
26174
649
26607
29148
10982
11206
21472
3917
26117
6738
6588
13698
1878
2259
11290
25853
17505
29057
3048
3146
15761
28390
13848
3810
31117
6625
6551
13137
10949
2289
10623
15508
29515
21680
24461
12997
6885
17822
17109
7930
27488
3872
18100
15978
10023
15305
5639
28881
19988
11991
7834
26134
9349
24321
28900
20267
12467
11888
18417
5686
8767
1035
19871
25070
22542
2551
28429
26695
30807
13662
21841
21585
20218
31600
22121
17245
26132
22440
29300
7523
3280
1873
12579
19616
16512
7752
29546
6275
11244
22787
3451
10186
12521
20434
15604
28137
12334
28517
20311
1963
868
23183
3260
19227
23932
6473
15042
3749
1349
14586
19403
27513
7742
16886
3689
32560
29609
9796
28947
28850
31200
3492
11805
15447
31212
8912
29671
2892
6996
17923
23892
6713
16435
18616
20093
29472
26509
5812
2471
32393
2531
28742
4211
12252
9221
6606
9557
20750
25640
9340
327
12671
11576
13402
4543
15395
25712
26509
21214
14561
15655
17112
6634
15672
30445
18273
25598
4136
16854
5560
32000
1360
15638
16917
4820
4948
17358
15841
2255
10625
31782
31352
8047
2228
23708
10542
17481
9079
7068
15504
7746
18798
15696
3820
10754
8690
13241
21011
31398
14843
17663
11357
29365
10563
11269
9966
2390
4776
10049
20792
28608
978
27083
15809
10993
30743
8883
15398
30115
667
3736
29793
32380
25532
18294
18247
22149
3501
18112
6228
9181
23648
19887
25771
27823
1194
10201
19289
3681
32418
31749
27354
13582
28490
7998
14302
26423
21873
7718
12621
31157
32215
28813
5512
32754
659
2882
31986
3161
22962
17449
32175
21771
14113
15502
15531
4308
17869
17849
4062
8285
31752
29635
5583
22435
3887
21160
26199
31655
19081
29084
16552
18536
19827
14499
23181
4878
29882
15452
13556
23656
29513
1053
6569
26520
24068
30277
9828
10509
12019
24270
2310
8626
931
17442
20768
31333
6857
32304
31413
29611
21801
17342
5697
32162
15798
8705
12793
3127
23803
4715
26709
31640
23481
8900
14284
6381
14546
25468
2014
9027
5733
4160
32600
22728
25147
9931
4052
25662
23906
24575
23167
16042
18199
16180
21023
22860
12010
11216
15956
9172
12828
18711
1053
17107
10316
69
22431
2672
850
28890
15138
4444
26220
15158
28509
28680
14488
22885
14579
21
13888
31292
7997
12300
17948
4773
2122
16207
5461
6455
22052
30287
16102
8202
26965
12032
584
16585
11434
16778
19790
3848
3639
10562
7502
1240
2459
30168
31617
7577
10118
23761
6316
4880
5752
32568
19456
28858
16587
14225
31039
29023
1011
1039
8737
23273
27909
24839
9974
19575
7798
10147
31372
12974
17189
17627
19795
22095
12956
23713
29631
14607
10899
11612
3054
13475
16822
18328
9867
4122
30633
28156
30450
32623
1608
12668
20117
16735
22579
7632
26526
20344
18570
2596
17110
21619
4085
25105
7365
23747
744
31436
15899
30062
1317
18589
11086
11548
22146
2195
30597
11117
7404
12919
16053
21136
20396
18174
2825
7954
26601
20034
10632
14835
31342
6771
12786
28927
7854
8906
17898
2395
18181
2751
19290
8287
28225
10620
9748
3747
15969
9617
13493
349
5277
30953
5327
15850
1702
28925
29255
17322
19758
32583
26107
16401
14251
28154
10152
2299
3416
19696
5900
4416
32637
10980
24647
2953
4337
28385
16263
12130
5853
26106
10212
21648
14018
22844
20873
22692
1470
16353
29461
720
11531
25030
10817
23034
14280
32288
22466
8463
28156
19050
29297
28058
24792
23970
5545
3221
3132
23476
20208
10622
12669
30007
28378
27566
20326
3927
24875
32231
23420
10258
20540
13356
8326
19112
6048
17365
26189
10316
18950
16866
18081
10528
