20065
23440
21404
2400
22599
32042
29483
22237
16279
23330
5065
25262
31583
4448
7822
31522
17405
19674
19049
505
8324
13157
13482
13011
25441
32202
25283
11752
23102
30749
4431
6906
13606
23626
29779
30856
26858
15089
19652
27461
4292
26228
30538
8648
4923
5198
22596
8325
3654
10406
18700
2556
20148
24611
27260
14128
22219
19459
177
13403
14384
21607
15374
30176
17671
13553
4996
22913
23642
10129
5137
18386
21951
12700
18823
2541
20533
18207
9359
10088
26704
14450
493
24708
6550
7696
14086
6311
20264
13989
18335
17677
26533
27497
10471
13242
12363
28333
13752
16051
7007
10419
14362
16237
13775
26307
11273
22150
8215
123
8056
23475
3681
26471
21397
2554
5104
21714
847
15393
15806
2523
29461
19814
16484
21963
11745
29296
15675
22181
4982
7814
25281
10239
7142
18687
27710
29713
29782
9977
17575
6924
22789
11598
20674
25773
20619
28356
9355
28689
11359
10884
10199
21963
29340
7886
28215
12340
5381
29674
17951
32258
6470
21346
17223
4892
5757
32622
18514
2989
11256
32432
21422
30071
21824
12321
5051
9067
16215
23372
1583
24438
831
4282
9913
28317
27067
28333
28900
6988
7258
7697
14655
14827
26544
7087
8635
23475
29415
8612
11604
9152
4215
17681
14067
29287
3121
7189
20371
23241
6786
32760
18339
5800
19702
16297
26540
27770
12283
22123
7220
15292
30184
31435
6370
9097
21309
6613
14051
30571
28716
4743
4747
30321
4953
17798
11328
30850
27103
19728
4244
1520
4243
28978
19377
3408
17036
11323
11258
11146
20707
21360
6127
14892
18359
14337
31569
6148
25716
21564
3975
24557
16725
22785
833
489
23080
12150
17755
29296
20050
17147
30468
25608
1042
10081
18719
16150
4362
28502
18665
19444
3067
18212
24541
17219
11216
10140
2773
14467
22494
13644
3185
4833
3434
8185
7868
2127
15979
5705
26637
20186
3474
8639
14124
30776
2952
32492
19126
11169
22903
17892
10179
12769
21707
30448
17349
1962
12346
16258
1460
27182
7681
2926
25192
4589
28529
13910
6214
4044
19883
29030
19998
104
28584
12610
6484
2473
29052
14397
12094
22170
12507
4300
17870
1400
21212
3130
26481
15369
22269
6557
15926
22062
23399
2312
6707
25276
30324
3842
14117
25224
18799
7223
1366
32193
12443
23918
31172
9091
13430
30651
10623
18344
8254
21750
13395
13026
25013
5227
17063
6407
5666
29651
6821
27051
26776
17540
4251
3828
9594
16612
22177
3754
10047
22051
28541
16782
115
13866
18627
5357
1790
17870
16449
2676
9385
15178
6297
27206
4318
236
8496
23372
22447
12302
5447
21964
21019
14408
30312
9278
29580
1764
26116
26203
4259
17042
16986
19062
824
28509
2714
28943
20381
3806
20043
11942
12067
4272
11242
8141
9184
10020
8916
17281
31151
21557
15462
4026
22647
17086
20578
13377
19377
16362
26772
32706
25380
26860
1974
6946
20723
24817
22418
3858
10458
9043
614
18405
9397
17936
15244
2974
4674
16506
15194
5710
20007
2608
12872
20637
28727
9804
30544
21670
3313
28382
30107
13576
12361
13466
7513
14905
30124
1741
23537
2590
24894
14230
24410
28121
24166
28754
10440
10723
1932
27224
12940
7258
6945
8167
11573
5532
16864
2396
6140
7956
2644
15016
14431
9300
15771
29954
13579
12900
29033
217
22527
16730
31568
25613
15343
15403
10558
18526
26854
15041
25415
9765
9264
8782
6820
1858
30583
8159
10748
30293
13100
12596
2787
28209
28713
12239
1185
23949
21652
4683
14388
4861
8198
22511
11672
9505
17132
21123
17989
11036
1326
16994
14586
22856
15
30929
31417
22057
28501
29839
14610
23455
7593
11438
18853
30815
28736
32160
13027
1443
21947
27797
12820
9505
7244
13573
25246
23354
29467
21640
27268
6517
6888
2286
20525
19755
2545
29836
23911
18052
1814
23764
13227
2978
59
14121
30115
27675
8174
30705
10729
26797
26185
22507
15122
17197
18714
962
14571
19137
8002
27107
16130
14415
23387
6796
9320
12085
22942
28198
22710
13883
17667
26069
4686
15557
22441
31309
12771
78
31353
19687
32572
26129
2055
28404
9012
7433
14008
13137
774
7196
28202
15932
24775
20628
3024
18277
25908
4302
23261
16968
30382
10038
17252
24763
387
2419
29885
9155
5487
4062
3882
28332
31843
16697
4282
20569
11908
1694
2414
30424
18295
23477
23195
313
24796
20266
1423
9121
30232
26462
19831
20890
13656
16221
12417
25261
25043
28689
31805
25907
11087
6581
329
4968
7910
8587
10797
7873
5386
30674
31108
17792
16583
31219
13149
26245
17480
17659
13792
1895
28317
3149
17717
195
1723
18585
20129
17620
18372
21256
26354
29764
29321
16569
2078
13634
6222
4721
21031
213
717
3214
21313
23152
23933
19261
6967
9670
1043
26349
7691
3807
6729
15620
10717
14444
20703
12496
29709
9304
31712
30912
420
2719
24103
19412
28400
4707
20001
850
23151
8509
6101
1211
30447
13521
16417
2045
2290
31397
3398
3562
21335
6707
30887
6889
14135
25916
28109
2539
2830
25184
31407
2977
27931
26092
21808
9709
5385
11507
23018
18326
26830
11936
26666
17471
22740
6090
16187
19610
18262
9417
16616
14041
32526
19848
15676
11109
32013
30684
11148
2515
4586
9236
29880
6676
7710
18386
12973
24043
28079
19225
2350
5796
30476
23462
31701
21252
312
2692
25940
6524
29995
26587
29697
673
24182
4361
20370
22497
24357
25843
19492
2670
6889
21149
20099
5759
23927
30201
17829
9912
43
30461
23927
3046
21233
24312
20189
23792
3173
22566
28915
21259
1337
2946
28570
13868
17111
4315
19248
28099
5448
9514
1438
2470
19541
6947
8344
22347
18412
14858
20768
22331
26565
32456
3148
9923
7748
29502
20810
12781
10914
4057
21665
16815
15944
23399
28857
14945
4475
15657
32670
7796
11070
13609
513
10594
24692
28365
14208
5857
20038
25005
3111
27228
21444
29858
32566
19107
20175
22303
26404
17890
8246
1221
14053
4560
15135
10033
10345
7208
17321
18969
28773
32605
207
5527
24405
12170
9616
708
5058
29607
13644
16009
8640
32515
1906
11954
21436
16110
11864
19780
26740
12470
17770
19985
29255
21462
27271
17033
15279
3177
26280
12243
21772
2533
18883
19229
12195
1541
32239
20528
27110
28679
5576
9799
12534
22552
23061
18209
23398
12045
23208
7253
8514
11859
1670
18150
5455
31785
3912
1303
17301
24588
7105
10880
6427
7027
3553
24162
30962
15037
24537
5176
8820
29288
23680
29326
19662
23683
14070
7190
7100
10854
17799
3833
20884
7840
25554
3691
25222
25393
16426
19074
19746
4090
6204
14920
23578
30065
10482
23567
13642
32665
21912
20484
23029
17714
19006
263
31826
5932
7517
20410
20039
9314
13501
29656
11636
1413
29077
1993
20595
17750
26613
29299
22878
14617
9569
9042
29074
15686
19134
21707
21171
10881
32115
18621
24817
5836
29640
13146
14985
14076
8337
18485
24718
29801
16913
7579
23785
2794
22553
23079
2463
17153
17776
24721
23890
7250
8311
28103
24843
31834
30477
23871
13110
13661
2481
1931
15342
31136
16870
28462
30331
3801
26588
12206
29721
21988
23372
25322
31739
31415
21412
28846
27792
24728
27492
31877
16901
7822
31432
26062
26123
8213
1447
3602
11482
15893
16539
22933
9078
25621
29026
7723
4913
5548
11908
29773
24177
26681
16950
7788
6835
17620
13439
31365
3024
1669
16537
12790
25727
18611
14746
7056
28700
31199
8788
1005
2472
1682
31865
20484
1040
12435
4867
11770
26546
26206
17362
18492
10525
11986
3223
11978
15640
32042
24306
27350
11751
302
32727
28813
5577
18346
30262
25397
8901
16160
19675
24440
1958
29882
11155
16383
32325
7554
2960
4163
16134
16341
2830
8608
4517
4373
9271
30380
23347
23455
19268
30918
19803
253
14310
11250
6890
27740
24036
21732
21903
2368
22789
17754
22750
4726
20528
17071
26267
19787
5074
15021
22582
1275
31616
15012
2450
23148
18142
23736
24842
15388
1471
8063
6326
6744
19341
23500
11498
11184
12780
19653
5120
21927
28314
24124
9048
3503
153
13628
17820
18004
14481
9953
26185
15543
8304
4461
13931
14910
1619
19353
11944
7818
11945
7721
29311
17833
29077
31683
30930
7821
18325
27393
7586
1469
2402
22213
283
14411
26391
14541
22480
29446
23188
21127
4167
4592
6437
26662
29112
17395
18527
12789
6162
9935
31307
30699
28991
24407
13511
2944
8105
477
2088
5056
26109
24299
31012
24478
47
2100
16880
12938
3518
8649
11941
16198
28985
21392
6376
17653
18690
28403
18122
629
25938
7381
12525
29678
24445
10186
29673
3755
13943
13959
28909
28457
5271
2711
25002
11630
8860
5968
25452
19356
3054
1286
15754
29382
6182
29822
26369
29186
32207
5797
3932
13248
21102
27778
11991
7514
15297
17258
25027
3308
17989
16755
4908
26981
1274
5675
15034
30942
24170
9097
12757
28971
10984
13091
25612
30384
2070
2978
24248
32118
1450
31347
988
16511
3953
9664
25680
17238
14484
15007
1311
4585
19482
19337
5165
12955
18094
29453
20509
32406
7586
3781
10097
21598
30517
9866
21235
22700
14353
21476
28500
14713
2584
15812
23060
10073
16480
31862
21921
30986
15484
31185
14531
11597
14590
8625
11575
16116
7481
30375
16795
32573
15948
24302
21130
27230
12636
15777
3847
10849
4896
11308
7199
15410
26787
26625
7114
27383
32069
18572
6931
5535
25091
20840
11128
29374
29177
13523
11156
18072
37
23135
763
16251
4718
15851
21862
27731
19941
15058
28944
376
30794
5986
31839
24522
13010
25744
9927
4608
21031
1513
24812
13373
30641
30156
24582
31204
20500
6615
28810
17838
6906
15263
23559
2042
24594
31140
26189
22372
30041
17540
9685
30616
15000
15470
15197
17001
11821
730
11475
10013
16143
21623
26484
13323
13
32613
11573
24169
8278
2469
29026
31839
19774
7118
26757
9567
24895
1025
20361
27833
1086
25886
11807
10858
8464
26168
6241
17973
21565
30279
13237
14582
14340
30749
757
14386
12703
27292
15821
16370
9160
24869
14180
28370
10875
24659
6206
26709
17406
29418
28513
12667
2847
2826
24246
15254
26301
937
26291
4441
21129
22080
5431
23090
9486
22723
7093
10202
30447
6103
4245
16938
3952
8512
24535
25904
31288
21144
12026
9602
10838
71
14364
28370
20097
2223
24674
20675
15012
10151
3482
3579
2714
7723
32543
8569
25141
593
11773
11817
28294
19327
30806
3254
3160
28380
7173
27552
14334
8196
17536
13710
10831
2560
12291
12773
18158
5237
12267
5017
16335
2331
2144
27204
4598
11633
29494
10613
16258
9392
18965
14922
27371
11773
7128
19265
14216
4834
12596
21067
4948
23039
17562
29986
19953
4605
29022
19421
8429
18628
7704
12738
3397
750
26187
6235
12839
18299
18244
4300
252
5062
5189
32611
29350
19383
30179
11633
8710
31291
30893
11608
28610
30193
28430
17638
4933
15911
10869
20961
15623
9220
20402
23779
11790
5126
19108
20072
26805
5040
9489
31270
24236
18300
17621
29853
16448
5399
21823
26350
20700
13773
24504
21744
25808
19778
22437
2433
27730
22628
7567
7450
12226
2205
15745
19111
8499
24397
27826
1685
26406
7543
2660
3116
1176
23483
10252
21791
16960
24196
23731
12129
15634
31362
26524
25915
15879
7515
26151
11164
16160
20125
8437
19120
16809
15608
13389
13491
22971
11178
6079
32520
4868
21562
18695
29061
4810
4201
7732
8210
6958
24678
777
17010
21422
8513
9635
15968
31470
1954
22108
6110
26040
12987
7920
15306
28481
27515
21726
22706
16046
25604
11025
14825
1494
2912
1728
22746
7498
18799
7059
6301
8595
14116
4871
24520
30138
9969
17171
1160
20238
4480
14348
16112
11809
15012
5574
5520
26900
8847
5116
30794
11028
5957
6641
32097
3365
31313
15704
29907
11294
3766
10353
17897
24565
25384
11126
19212
30781
11388
32053
8154
8685
9310
28414
5497
23139
16450
6079
16683
5033
21661
14958
22819
28150
30804
27559
21400
10872
15476
14999
31767
15184
3109
24856
29469
5343
18649
16157
19429
9280
30409
9553
15487
3861
3490
13051
5154
8327
16763
19237
27587
1928
22539
25853
17638
19035
24089
15227
2741
4951
20787
8260
10575
15080
4515
30159
12130
13014
12447
5318
11772
14026
28352
8367
19102
26126
32438
4043
14227
10900
24633
27198
1663
4410
26434
1137
2363
30540
17276
14517
13536
12618
7157
25641
15138
3820
4890
10973
19936
24676
18146
18231
16632
24803
8521
26774
32352
10846
3328
25910
115
5778
25187
17236
18056
12614
8363
23954
30665
8144
18277
9884
10307
8666
25635
20492
29753
3942
10353
22667
26046
30736
7178
17721
22659
18323
16204
2640
20461
5007
12778
26372
29546
30346
12769
14509
9478
7220
1709
2343
26169
25327
11452
23673
32515
13966
21795
438
6971
2141
3472
27425
21029
2146
9343
20884
19522
995
7601
10019
31596
3369
19162
7420
6434
20611
23707
16529
24352
14989
32687
29690
11826
21425
23145
17812
5963
29935
32350
27375
31441
14810
8799
25319
12860
21475
14506
784
30687
8922
13664
29784
261
14002
6458
25319
32320
7813
5240
25930
30206
10455
22043
24273
11613
31007
23380
24885
4929
5764
21308
20862
24995
22500
27333
21540
26924
20762
5361
17525
15106
9601
9026
15158
9442
25524
17009
26765
13167
20120
12131
17695
11977
14237
14424
24181
17762
20032
24166
17060
22797
2261
11046
20269
8792
2691
3757
26402
7708
10896
22973
21642
31058
222
10301
22791
28456
7094
20455
12726
19797
17093
10049
4695
4777
27492
14542
23470
23528
16925
13957
4392
4824
28010
16770
20930
5017
28095
23036
22567
15413
16075
2935
17944
6776
7676
10554
16145
11266
6721
12036
5674
25754
20755
6651
4923
28357
31926
19941
4931
23191
14268
23194
2059
11978
6604
13753
6918
4109
4513
15515
30588
29342
8277
4741
32743
2587
23008
12066
29342
27542
20188
12592
16816
5607
17291
18809
8723
21574
22554
20997
5630
12057
1575
25998
30355
24330
6018
2868
16577
30301
31280
19058
10601
13440
5558
15185
15551
14308
1428
26331
3316
524
23823
3027
13330
484
22579
7075
11559
6227
7705
918
18597
19219
30822
5703
16393
6593
9236
10586
11451
10544
8053
15209
26165
14595
6516
13889
2920
6011
26143
8527
15195
1933
7266
22613
16662
19768
16661
6753
14014
21525
9018
1280
25601
9264
19839
20399
23477
6422
12555
23442
7355
3887
28022
27497
14890
31566
23065
6079
20137
8327
13449
21348
16157
22593
6238
5150
4229
8331
9273
29596
21793
25780
28677
23723
29914
13333
14460
6317
21726
23346
25581
20806
8843
4866
17469
23128
17806
14986
14893
22578
15692
20145
7642
5636
28033
5199
4234
8342
7718
10375
7077
31034
12953
27479
16642
29952
23544
30829
24676
7208
19149
8764
5701
7645
9201
9040
30674
11296
15530
31198
20534
21506
25111
8608
17179
9750
12238
8159
30830
17190
14787
5586
13667
8485
3436
19750
1722
7269
20002
29406
24640
10506
28875
29789
21912
14527
23222
12993
20539
10407
26566
115
26302
19350
7123
7420
14676
25730
845
8987
30611
9524
1826
7444
29563
1347
14306
13130
26036
1347
21538
10512
18199
12858
3614
7101
25456
32083
21666
14334
2434
15319
9002
22897
31820
25432
7496
18543
2443
22064
31046
2601
27008
21546
32268
30454
19443
25470
6213
2795
13944
17923
19134
9389
6129
20128
32270
9859
13652
11011
29564
11695
21423
30102
24349
21503
17257
9135
27965
12191
12490
9224
14080
1329
23997
16750
27209
24607
10453
7613
10459
1328
1423
22795
25279
29530
18903
14628
12261
26328
29901
25911
27918
4732
21192
2510
8168
837
8859
30979
26235
25140
8216
6897
30149
2140
6099
17002
27553
6457
26665
14824
30702
5954
4992
7365
8428
9921
18383
20654
9961
29411
32610
13141
19230
26891
7895
20582
32212
15980
13421
13245
14283
29655
15486
11222
731
19409
3913
4228
30172
26345
23541
25062
10180
31305
21715
21399
24079
21642
28900
6182
31332
9421
26267
198
27509
14343
17379
17734
9511
8348
18276
2115
25587
31792
24322
27548
16267
19385
28583
18726
20673
4569
19011
25505
28325
11116
29201
9195
18158
5725
6171
13940
21916
6845
28672
7410
32731
2582
16885
2134
22057
2300
24074
3838
16827
5862
21679
4908
8477
18492
6262
28087
6170
26289
27930
12544
5851
27603
18369
6184
23635
2528
1150
30336
30682
14044
5402
15169
3607
28128
3348
23934
25892
6837
12006
17494
31725
25506
24202
32622
12505
17793
7485
25503
15277
13848
29315
24555
32429
16551
26219
7862
29444
20670
28948
18226
13413
8017
880
29468
28659
30222
3400
11430
14942
15598
9344
2228
4431
1547
12701
12618
3079
2993
17796
29765
32579
21687
31876
10826
6242
29456
4759
2557
13257
4253
3301
15219
29319
15941
7306
16361
21301
14664
7833
438
21024
6864
23905
8318
21675
9674
30447
19881
25582
9971
3284
19731
31395
6966
8488
28165
27203
4149
17614
4197
7020
29478
31482
2601
11654
16864
30193
273
14758
21045
4368
3222
15538
9091
11280
13342
27847
28294
19336
7537
32215
26480
8883
32624
6551
26172
27252
11525
3736
26943
10647
19542
31411
9728
21082
3646
29867
7241
22828
31229
30990
24446
10420
8494
7772
2606
5909
20474
21611
4072
16497
3468
13066
24912
27308
196
7141
5745
22130
3376
13225
4949
8571
15416
30312
23251
7693
18072
27454
937
17347
21012
15157
971
7566
14182
12134
17914
22777
25724
23137
15767
23217
12000
28879
27834
31812
10872
5462
4223
22313
22639
7101
26528
16641
17011
1873
18249
23836
22049
18567
29223
26431
5309
32226
26051
7076
27431
15383
4622
24643
17930
8560
12092
4944
13911
14446
9686
8965
14834
28082
15627
21153
31915
7453
840
20657
9583
31287
9480
654
959
22477
9708
10535
12642
4831
12302
17152
31831
9401
28051
20347
11534
8287
8319
22359
31960
7982
27853
24182
20635
24769
2240
8931
3018
8722
18292
19731
3988
28641
12728
30059
14940
30810
8480
8963
31594
8178
4437
10154
20192
23954
7088
32042
13807
8695
20743
1997
32586
20057
26055
25119
29659
32330
25667
5622
15286
10466
22860
26288
3915
23833
12034
4284
2271
7540
10729
8796
10813
7908
15424
20904
27304
28395
9102
29655
24853
17664
1149
31162
24215
821
30955
5513
3355
10775
17471
28130
26197
17365
8697
527
5882
2725
25230
9096
8752
20068
19058
10424
22851
23932
26486
15620
31641
29963
20564
29194
4840
31810
648
30246
24486
3851
21090
5179
27073
7150
8538
24752
2449
6453
20131
14264
32011
5454
5635
28887
23863
9842
20705
27554
2020
32132
19872
22982
20890
8252
12587
27211
5072
3716
5841
14874
27487
22306
25172
11709
15159
24472
30780
6247
18256
25416
20593
21556
31716
28124
5897
12209
13532
21733
20319
21663
6536
29890
11621
3060
24722
13508
6459
803
4149
5776
4352
30365
3754
21700
23784
26008
5859
21725
18830
13071
25980
28760
23692
22538
12783
22807
14154
2847
18439
7431
7187
313
21911
3328
18798
11160
16491
2796
8107
5913
6271
812
17596
20664
31343
5431
14918
29523
30255
12164
6648
17073
19964
8875
27676
30658
8594
28615
19563
8744
22944
22046
20774
17143
26489
25604
26722
1209
11532
3836
8100
13494
8470
5921
2477
24946
918
14788
13975
17014
13954
30551
29217
19795
3768
28809
15432
7141
12599
7859
12311
2005
20623
27507
19647
8033
24214
27542
21738
22368
1629
16700
14413
7808
610
26934
15228
13779
8967
30643
20995
29322
6467
2076
24242
19712
22936
25660
20024
24826
11077
9892
16372
17197
14268
23630
12551
20480
11862
27008
23982
22420
20550
13811
19663
19201
30924
25653
14801
20195
30123
6220
20657
22294
17372
4508
28754
12221
1156
7179
26389
6025
15908
7266
23978
20280
15887
15350
25638
16987
11810
30601
21845
11613
12975
5483
1105
25793
9402
18148
26707
8619
15464
30935
15050
30626
16308
6047
15274
22420
2404
19005
4103
17434
31803
26805
28386
6910
13937
12725
4163
6139
6496
888
4744
29891
31104
7146
18940
19015
2709
9229
11947
5938
23591
2715
23669
4022
31283
29165
22882
6796
1568
13595
5685
7990
23540
18533
23876
2440
6088
30929
9094
9830
3962
20246
28654
15823
5281
6585
19703
3611
4806
25206
30849
3200
24017
21217
17883
3803
17601
19533
26145
17069
15520
14061
2760
5476
14262
19513
5751
29149
31998
24723
20504
30502
5078
28715
19504
3208
6138
29472
107
30405
2483
15592
13692
21150
28236
27377
19235
6296
21702
9864
655
3584
4813
15867
17127
18221
19946
22778
3108
7941
9465
19523
3105
18371
3550
20607
2549
22775
15220
8294
7040
32461
8134
16938
22852
11923
24194
19
1142
1142
17322
21606
21333
11916
4749
19596
22459
2328
16630
10096
13298
20489
29347
13097
4552
2499
18680
11737
4070
3874
23285
11733
6493
21692
26982
21766
23426
22887
9049
21391
19964
24060
3797
32175
283
19034
27081
30953
9836
25517
5955
17507
1930
14320
27874
8333
24374
25264
29838
6658
18602
3859
30310
15283
14635
23322
24314
11330
14302
35
21947
15020
18396
25778
6064
7723
14472
31600
27242
27995
20513
4980
15161
4251
1171
32194
16032
13238
13971
11281
9223
31427
8938
11474
12720
32329
32273
10349
23788
21159
28159
17358
12943
7859
22079
3104
9121
1442
10821
20440
2646
26664
14850
2294
31552
16607
11446
15495
14020
8173
7686
29551
20171
2530
4430
12389
21689
15839
12088
1855
9123
9981
398
14704
6845
31980
8524
31695
23569
22491
2810
18842
25463
15256
3384
26810
2497
24057
1435
840
18486
11386
24503
31313
20546
21799
2685
21974
19307
22205
22472
30231
22407
23564
31282
27154
4908
26271
5420
3910
20073
3231
4942
24252
13235
19957
14059
2888
32034
17583
6377
21773
2526
13477
2511
13887
26580
15964
2336
19757
9645
14634
18152
10110
256
30875
25492
21178
17606
276
25094
22029
27663
28598
32745
31048
23796
6533
26690
32041
20429
9674
29768
10460
13988
10166
28278
20673
14569
31559
3038
14960
5990
26992
4032
507
3190
22388
19803
25715
31858
1427
31747
5037
2669
8424
4468
30533
25889
11410
5734
32484
24616
1554
10594
27071
11632
2292
9171
10080
19177
5554
5472
13737
30848
32725
2425
8214
19025
10077
19248
1090
11032
16739
6987
16301
25321
5117
3223
10940
30242
10594
31359
1281
28829
15950
19932
30397
28970
28584
1039
19363
2364
27491
11342
19167
17634
10402
20283
20567
28409
27423
29883
2865
26017
5581
15365
1429
4845
4284
14841
22964
24031
17981
4532
14345
10131
31560
31585
8926
10426
1818
11601
787
17226
11810
23375
31259
7284
9246
16429
5447
4823
31106
26019
17991
25843
30745
7770
17646
7136
13038
26179
15925
3647
19821
7469
29827
3954
15814
20375
13611
7944
3730
450
18230
11387
25529
12555
14180
17182
18067
32632
9581
12881
32077
15761
30348
1527
29071
18033
4414
25386
27227
25116
1608
7469
7481
8723
19191
5793
23185
27686
26795
17148
22872
10122
17815
23608
26094
16427
27330
8392
30791
29763
27473
11728
30026
8236
20745
18837
8054
31859
12816
12851
31435
557
21491
17550
10216
27022
32749
3978
31345
30391
27751
10111
20147
2256
24507
19943
25227
8023
28733
16730
13699
18871
1404
18877
13375
13597
32453
21686
13080
19591
8937
13922
31750
7966
15680
25163
29635
197
3054
12436
6701
6386
25445
887
27117
21436
11052
24818
23382
26934
6110
21692
3727
28412
18037
11902
24821
10251
7368
28736
29115
1750
4947
289
22995
5526
19511
30796
6930
14561
7041
5159
2703
126
25775
12750
14924
31352
29041
22719
9752
15473
9644
11991
10163
5945
13508
26749
30260
10399
15387
2333
13480
16263
26325
2008
21500
17981
32479
11385
19485
9993
3887
14507
28765
24324
31565
12650
25369
13097
12306
23736
27800
15279
20911
18321
14647
14743
2802
26656
17091
27265
25029
12339
26919
20163
13560
9197
32327
5564
18240
18618
18731
9318
31615
136
17504
27179
9797
9525
7067
30714
6295
30787
11424
3481
18416
15059
3938
4413
14214
465
26988
9560
1742
6764
4223
20658
18754
4809
16509
27835
2914
15096
26757
20000
10489
12839
21344
23452
22689
21525
12060
1809
4233
6858
14326
23767
10358
18566
2686
7507
23816
28151
24821
5324
6207
8366
16378
9595
9021
30164
22118
14305
9550
5401
5236
1374
5157
30702
15909
28926
31081
10484
31970
25238
12656
6068
13411
22544
1866
21648
7889
8451
20993
18681
29735
30855
30495
16355
8414
28999
30321
21110
20425
26583
25355
3335
19262
28488
28044
24646
31094
27642
25507
12985
30774
20658
18642
9833
7087
12780
27762
26331
21668
9075
8440
4929
16842
5166
30838
6386
28788
7229
10853
4632
4207
28997
1697
31912
7979
29959
6581
23960
19996
4664
26201
9292
10336
23436
22585
25169
15266
8469
21496
11085
18494
28619
2165
12598
15526
12140
25933
28867
4
21126
23201
544
20513
19665
17945
25062
13957
17347
12584
17994
22752
11615
17554
21653
10408
20814
5420
19156
13828
24624
11747
29136
10729
5428
31488
27456
11138
5606
31403
12350
13526
1097
22189
21496
6821
30502
19322
24232
19346
19619
110
21702
2696
2839
13655
15995
10326
17437
26932
17242
156
11752
24124
11851
15851
26326
7970
28103
10536
5959
27032
25675
2097
26031
8722
7430
20419
28906
13516
14549
11420
17616
2062
10098
10204
32010
25519
233
27313
2596
29144
4939
25907
19682
15626
30885
23693
31704
20322
18739
9310
1845
22300
15826
1887
28384
29783
22196
9029
16070
5143
23127
15337
9586
31888
16568
18854
22750
28322
24260
18178
15752
160
26127
401
969
5717
3272
29207
12130
6729
29165
24557
15704
23616
4539
21414
23555
14596
24169
7409
26977
28516
20757
28609
11184
18045
1791
23724
30779
26936
16117
10385
15476
6932
19214
18302
7491
10790
19099
32465
8350
16990
16475
29341
5466
1547
22766
8783
11584
4001
30092
6289
32100
16570
20215
21102
22706
604
17582
8631
14538
23162
11364
3750
10510
31421
13744
31938
26616
11396
13830
5890
12978
15913
28902
18229
28384
21894
12371
15521
9920
19383
16775
17899
2934
30242
10725
567
29089
181
10287
11663
31794
15727
22009
3209
27006
3362
32094
15140
13970
17783
30449
25332
3270
14386
9206
7295
11669
16311
22739
32742
20651
29901
19393
10440
10304
29091
23495
12643
32677
17937
17385
26876
10268
287
3741
18817
10221
29643
23934
28782
24502
4359
22852
7917
6659
3842
24052
1345
14622
11688
14164
23908
30505
18028
418
6383
27753
2373
645
9787
20453
2806
3652
4294
9776
2195
19766
216
21123
1089
30074
24166
15886
7997
19687
6966
2448
21792
1862
26692
32038
31841
21695
23141
10848
12315
13458
16938
29850
1808
24584
15111
29578
15343
25000
13748
25621
10962
11437
468
7015
18443
18616
6869
12354
29728
26051
15383
20118
20756
27734
80
26963
31976
24061
4143
15995
21858
6649
9279
24955
10509
23094
24079
16315
31105
31869
15504
21364
13028
27627
12222
30914
31921
16034
3970
6394
1976
23486
31191
8253
32103
15755
23597
29005
29767
9205
11274
19360
3529
19263
4855
22451
8515
31480
4506
19873
6198
299
24096
27124
24530
28119
478
9403
5052
8862
31287
24285
17934
2753
24768
31148
2208
3916
24226
3261
7046
7054
28480
11768
25817
17868
13850
32747
5563
28727
27633
31331
8341
30234
10029
8510
25763
14680
891
7547
12979
9238
27834
27795
3881
29365
4376
6668
21831
23043
15992
14155
8107
23986
12056
1450
6681
27401
2416
1738
8315
3033
5981
26411
20262
17843
30846
30457
26719
31064
21470
9513
13086
22129
19668
12485
14098
14208
16168
1156
31204
31255
1655
28830
8640
10056
21721
14046
8466
92
23744
7417
20365
17351
21028
31006
5234
15964
1757
27854
1551
31934
9808
16878
8838
12567
21581
7707
1487
8460
13112
61
16640
12272
5479
15455
14028
22839
24012
27070
8522
12078
21460
30495
9464
12778
28302
22886
5376
4734
23312
2149
19642
13938
16919
15858
17009
3952
4333
11068
14186
6975
18832
6239
10530
8182
7696
8757
26584
30825
23353
2671
30283
1256
26226
19941
5829
5161
21221
29995
10584
22658
20960
21349
16232
15707
635
10076
2154
12516
25724
21201
31722
13827
29303
7185
25811
21137
10042
11721
12779
11717
29288
18716
12189
29424
24675
24051
3835
19563
31087
32148
24067
2766
7189
23415
21793
19555
22214
20564
7670
14555
1217
4993
30552
9535
12855
7803
23194
13353
2988
28355
1549
17971
23712
6635
4294
20144
24943
26608
27554
24730
28790
26570
29576
1996
15991
12866
30958
17009
16958
20228
24735
11965
31621
28661
16827
16603
8470
30406
9471
5414
31279
30922
18758
12955
26410
13572
4432
20878
23901
12421
32451
31389
23104
27893
24175
4579
4557
28015
2518
8814
23597
32146
25068
32242
9872
28372
26395
1214
27485
16410
4746
10736
30091
25478
21663
2021
29518
5776
23747
6388
7159
89
3685
26716
27925
2619
18241
20346
17121
9893
23266
4928
20441
31270
26469
30178
14250
6855
26497
4306
20819
22942
9668
2799
21640
19104
29983
32506
30292
32439
21157
9801
14595
9237
21648
7103
29503
199
2693
19195
21113
31629
13081
24528
23691
9961
27283
18933
13467
630
14067
10494
10050
26235
5428
13451
16877
19904
27599
29888
31108
29088
1664
24309
9290
27744
32588
10926
19205
21951
14531
29389
5470
3534
19843
30470
21898
10754
6397
4500
30506
14472
15740
13610
21872
19928
19299
1837
15492
4237
28085
27168
6694
14196
16347
3168
8596
11747
12450
20241
26286
21068
5764
6488
13400
785
22824
27594
8736
28058
21548
18469
11553
21414
22305
16702
22566
15070
26327
18235
5907
15024
9179
1026
2433
23642
31295
23538
18601
16709
32409
26320
19587
917
7246
29956
11311
1278
30993
29957
15763
8153
12710
19730
22598
28279
21484
32035
16300
7349
14874
7455
30819
30672
11081
2895
3294
12411
25907
24339
1360
815
29498
29651
5836
15043
30380
8249
19882
16700
17477
28061
14124
13030
31477
25537
20066
10148
30692
15551
12362
9860
19380
5439
23356
30614
5382
27885
32133
18431
25663
2859
5971
21577
3212
7170
29649
3325
1571
6495
15762
26996
17868
21628
12851
23786
11680
13212
14652
8660
31505
30715
25160
20339
22059
8197
3686
28074
26138
14790
18622
31501
3819
14754
4728
6458
15511
10566
9689
21356
24381
17118
29871
13133
31919
19592
26096
6156
31536
18441
5790
944
2428
19136
8685
21164
18441
4568
13480
4531
6029
9921
28625
26061
12480
10208
24200
15019
26979
2437
813
11063
19073
25374
16329
22640
23541
7339
7594
8821
18732
4210
14414
30687
17196
29940
20355
12116
17365
8991
17611
8026
5735
3269
2053
26728
18757
30541
14154
9539
27897
20137
30230
30088
17527
9352
16296
5764
19110
12236
14507
32332
12572
24638
17429
11530
15401
23168
24400
10390
8216
28740
2456
22086
17329
26812
15012
9990
3075
11601
11400
18859
5472
11928
31962
22404
32168
5506
26899
12082
9163
5331
10809
29114
137
28373
13243
21977
31868
845
22941
17816
26457
31150
8660
31263
29811
23437
17652
2510
24704
13141
8712
7306
9376
828
10689
14933
23195
10357
1236
26658
13930
32423
31133
1767
14586
22431
21768
10483
44
6978
23217
20866
22560
9157
74
21135
29107
10784
30782
15593
25158
22207
20371
5769
20674
19067
8981
19235
29656
13258
12209
2811
17806
17458
16927
3066
4087
6660
18884
24833
14145
29254
4822
23421
25846
14065
27585
11068
30843
15709
14793
12415
24797
18681
16625
13392
17356
9791
8988
31509
5608
29159
23155
25958
2108
24667
13062
4892
28424
6508
1974
15530
1476
31811
18002
14001
13409
24474
32512
21454
14802
8748
735
6327
24523
8041
21994
30342
7113
23663
30752
32596
16722
310
18914
18698
10622
29194
3996
29300
29622
7487
22695
32407
17340
20768
19822
31301
8427
11816
10448
8174
23233
2421
24774
28089
5786
21369
16966
25043
27326
22259
1127
20743
10910
25629
5829
2960
18523
15399
12071
17451
28552
20709
23135
28016
15665
11461
5234
353
14620
5891
11257
26436
29774
18464
29895
27566
28881
17040
3532
32481
14005
9139
15929
11607
14933
262
11749
1695
30684
9627
31984
26216
26631
17350
32422
21468
12844
28442
7078
27439
16251
29331
8003
1399
4996
22293
29738
4798
3577
11797
5189
23125
31157
29846
12256
5484
3326
8792
20491
6112
16135
14668
30783
31572
5817
26954
2884
131
22195
7174
30545
6868
10896
32065
28022
23088
14696
21308
10295
10000
16793
15218
1402
1242
8647
8070
30627
20077
29473
30331
4605
8442
6374
9763
13404
26903
26920
6362
6656
17934
21201
23412
20413
14203
9443
22387
21849
18710
23300
32125
28214
12493
4921
29710
25904
4886
4338
7787
18377
24963
28999
4055
23684
1942
29825
16136
22670
23000
220
3548
6307
31525
17035
31049
24880
11338
3325
1426
27061
14802
24927
15041
14190
31772
15970
17745
2866
7601
7486
3883
26267
7125
16375
25812
27751
13660
13534
31460
8222
15295
13148
26554
18677
31343
13803
25966
31731
10345
30053
28679
4434
6155
10625
5102
2344
6438
12954
163
9031
16724
4275
13231
11873
3724
19385
20442
21104
6131
12551
29853
23124
16629
2608
10714
16574
8853
12536
13259
1102
7937
9379
25401
1784
21354
1139
13806
31916
23570
4972
23404
11574
7847
10586
29151
3427
3791
13589
3921
29541
8452
13316
27421
27256
24482
17120
15270
27078
22078
11194
7240
29320
18234
5440
3983
22895
24470
14140
29095
16194
23817
14429
28436
31944
23121
6458
21411
1512
13767
20628
17825
2063
17974
31963
16714
18386
20973
20212
26756
469
31763
4666
31438
21227
7227
30147
2419
27518
13368
31460
15363
4658
30771
11511
14595
14789
7419
1627
1764
11834
24731
9917
31026
7478
306
16022
32270
32170
5631
21493
24542
6834
32444
17535
20291
17853
23853
10420
18764
29679
19704
31860
11753
19139
19895
12481
6818
24565
4940
2758
23944
12447
12404
29720
5228
5026
20384
8253
19536
11079
28160
11115
13595
6694
19680
5777
15761
32583
3383
17564
11137
32136
10621
23795
1088
21054
16830
14147
22871
16159
28141
13442
19833
19296
2682
10542
26040
8218
13094
15574
31480
1010
24599
25308
24483
14841
22823
20601
3486
18385
29570
5121
28796
26386
19824
12649
8178
9707
31855
26630
7819
31501
24965
1431
28829
20676
6100
27270
8060
19303
12655
9067
31981
20211
13932
15314
15070
2035
6715
11838
11092
31651
6966
5486
15524
25428
16504
734
1510
22290
27123
7825
30631
2949
9917
29710
1246
10005
17835
4265
22561
29265
21537
22275
26905
26514
32552
11220
1588
26075
2753
24552
9881
2820
21370
31592
6241
31000
3646
20059
24324
2811
14961
27244
22033
15440
31293
27118
27683
18585
17702
10269
2576
17824
10469
20135
31331
15639
3187
23659
25869
2427
10596
2432
13143
31294
12150
11385
28699
804
18026
1255
30772
31470
25106
3872
3891
11574
7340
17727
11347
17306
2926
29036
5040
18972
16738
30046
4019
21193
29812
11037
24273
31897
30922
17165
10613
24983
1619
17192
5178
12353
31907
2955
16990
29746
6398
1076
23668
20990
21170
22538
28504
14942
20906
24861
14184
22669
13121
10800
11249
16369
4436
10613
24296
7422
32667
6295
1243
27992
29497
3581
14630
823
18577
15182
21098
22544
23388
30000
23355
29298
25848
26710
793
25390
5379
8121
7074
7610
6185
16421
30213
12247
314
7416
13498
7282
18560
2599
25969
24008
21839
3969
30536
21198
17885
24888
24896
7120
26964
16797
3314
10840
8230
12331
22910
2129
5793
2503
19141
6764
3523
32326
14552
25027
9807
32560
5039
189
25120
3011
3871
1841
20414
32315
19206
18894
5167
15953
19401
18618
18192
32002
22272
27001
21732
23953
2159
2065
23467
12239
13113
9067
13751
8090
25424
10493
9915
32164
4912
9126
24357
1398
27085
20953
18861
17588
5321
26366
22318
1954
4843
31765
15541
28391
717
29597
22488
4753
18900
21684
11594
22106
10085
24959
13740
21289
2134
27852
27813
31196
11939
13046
22068
21317
355
14857
28229
370
6394
32039
13955
26162
23439
26411
22126
4820
15809
24715
429
25906
31637
29827
6309
30191
23987
20848
14154
15356
24275
10362
9781
2401
17778
12405
25080
17722
1481
20489
11438
1791
32767
13073
24022
30473
28318
20290
25697
6226
6468
7181
12041
24445
8091
454
28389
15126
28810
17413
26682
28954
16813
27469
17813
30138
6915
29163
8470
8028
19175
14369
14351
23523
22082
900
31950
19248
14590
3491
31414
25320
2750
26089
16533
32632
23500
10949
17713
1623
24146
24071
31268
32139
12238
22670
234
15471
22208
8480
13881
6579
18597
10905
1936
15012
3113
15688
18195
26542
19353
3990
29078
2591
27543
20968
6904
14125
31249
12743
29874
27707
2420
6207
8879
24664
19484
10116
21087
3849
1040
15324
18439
24648
6892
29624
22107
4556
30238
804
29774
17803
23381
22114
25897
22910
31031
18386
9946
27812
26707
27926
6799
13641
14422
16242
7044
3208
23937
9081
30745
21263
4698
5094
296
4898
418
29640
9109
995
19592
19426
16423
20944
16668
30545
13718
20621
21766
879
20709
31204
14456
18168
6129
24074
5473
29803
8779
26915
20196
11187
29763
8713
21768
20231
4165
17993
24753
7951
12905
26479
11215
25160
27205
28036
31189
7081
1798
8916
1133
5255
2495
11509
8297
15798
4608
5892
12029
11249
30891
20786
12076
13179
3331
18815
897
26375
10246
454
16383
32214
2557
18170
5210
25887
13905
28079
9832
179
16800
14300
28882
24289
17936
18399
31247
25495
29155
17601
30611
11979
25676
5052
12611
16921
19585
19194
14637
10670
32530
16800
19318
11364
30073
24843
27283
18222
27634
7001
3004
30647
4493
11052
26526
6726
32385
170
17233
24293
25795
32713
17801
6594
11991
29641
11280
29397
231
23554
30068
14531
20498
30175
21245
23299
1030
10283
30433
20287
22225
13195
4795
26109
26356
19532
6714
21118
12217
351
7702
27110
23495
5282
21321
23966
9716
10338
6779
29943
15450
26141
7102
2576
22957
652
19067
19961
2252
17120
26028
6168
18069
26445
18508
17612
30206
7877
7692
26449
23137
26630
20552
21220
3096
982
16185
16167
6986
23693
7020
3014
21764
1749
29555
26459
24204
16302
18906
23951
6898
2997
18269
4226
3815
23461
23895
8558
14034
23070
27774
3207
801
18085
17358
31781
28381
493
3011
22308
25730
12116
29131
3723
25869
4017
10235
28269
9558
31053
3329
30221
5536
4399
4186
31557
1903
10653
9925
7465
26010
27103
25335
18919
12960
9030
1680
23538
16703
30573
8014
4703
23363
13247
1152
26767
19101
1593
18622
4366
30900
28529
29656
6075
6144
5592
6412
28457
3028
24124
7548
27974
635
28049
17119
31546
30087
30704
19062
31890
1126
224
17473
12702
23862
28885
24180
6423
10202
9206
18725
5381
10062
22051
583
22240
1335
4151
7643
22262
31679
31370
24165
23308
20895
14523
12701
20552
23677
12972
25960
31823
32121
28365
10502
18858
19459
24990
11917
13166
25327
22127
150
5148
971
21866
24630
23494
1136
10964
16176
29043
15063
29584
10856
17349
23342
21221
14491
19673
31787
13697
20814
3439
13729
17853
24580
17227
3409
29986
18356
24283
9730
16172
10874
31769
25812
2383
22925
25267
209
17464
369
20841
12485
12885
26222
6327
27471
30615
17728
18613
27961
22135
11280
30267
31237
15927
24483
23368
2760
3690
8402
22181
24380
13238
26170
3781
9488
473
24116
15344
10626
28394
19720
23969
18736
5089
7005
24364
4651
5722
10484
28579
19534
24470
14230
4347
23502
17603
587
8811
12817
1149
21709
27157
16580
15764
14140
25064
9000
17168
531
19397
29100
29042
28251
20704
29633
26941
30239
12394
9194
21173
6431
16749
14866
3815
22984
19447
12323
31209
1636
32122
29908
8803
8847
31859
16579
6734
1258
24394
16835
17660
32019
2681
4215
18009
5588
14833
9248
30576
18330
14777
14515
1073
12073
4569
23343
5745
7311
10614
4141
12850
3670
9534
18616
10021
27902
1287
6496
15213
6827
17586
26506
29606
11034
1110
266
7206
22489
31643
20980
30594
1208
15459
11438
13908
26747
2224
22602
7228
11729
16322
22803
30245
8330
9855
10086
17866
15108
3864
18628
18040
10214
9194
32548
12053
3089
22946
654
21857
11476
19621
30949
5756
18015
3503
8197
10409
9851
8633
24078
14929
24440
14625
11262
587
10086
25093
3718
9562
14216
14831
4374
5367
16389
25272
30523
19281
17377
16038
6186
2195
28972
14296
6301
30053
18809
5860
30429
20149
11922
11454
7456
32439
10090
21468
28182
18218
29011
3223
32703
24798
12657
14549
30847
13427
23151
15077
17012
4195
6768
31658
2311
67
25929
7164
13505
10565
28397
21835
22881
20482
10792
19845
18987
27510
8081
25146
18562
26956
12474
12031
185
1884
7081
21264
18727
26227
21132
14905
22393
14930
31656
27894
24652
15097
11667
11225
21756
15141
15267
23084
13238
2071
9894
31704
7637
30359
1491
19077
10347
16697
31745
9731
6941
7135
3351
25576
4405
8319
26564
17019
12530
31014
30576
721
27938
27453
21106
28214
1267
10252
22659
19151
13831
1660
5490
893
21702
2593
15386
1795
16120
23415
19858
8812
23699
5484
16547
23207
8913
3103
15743
2421
19846
28904
16815
16773
17073
30616
16462
15836
21585
24834
4725
24699
21626
3770
19446
1084
12199
1052
18509
9726
338
30864
979
10497
22210
24333
5429
14995
5157
1756
23333
6381
12254
14751
12879
16728
14368
31377
18319
18836
22204
19215
23137
26745
18231
6232
921
29151
29472
13969
21588
18876
10400
3340
24878
4748
8019
22473
3509
6902
16214
8765
11294
20140
24226
24403
17719
11923
26776
17073
7325
5156
9180
16188
17711
17426
2663
20190
22978
5164
26584
26503
11799
10374
12811
16753
3082
3027
20461
21161
20747
10006
17039
9163
32722
23674
25721
25100
6735
18813
13120
21118
22496
29780
22363
2704
3015
26763
24114
4564
20443
1773
23160
20742
18301
3235
24251
29257
3790
5536
1593
5811
10784
7740
32758
1292
2474
18462
20491
13779
30079
26208
15169
24706
30145
5358
4318
28180
2833
24367
18111
29891
19275
14824
7079
8470
13936
21597
13271
12315
22500
1209
25567
24305
2010
21423
7603
29578
24844
27490
13313
17071
16047
28034
26562
22341
22182
29880
29712
7886
17398
17733
3127
16179
5498
28902
14
31168
13528
29178
31368
16240
14771
486
3718
23147
32034
11961
1519
20685
353
29708
9987
25769
455
23341
25580
21838
16120
26236
10390
17864
23388
19476
15041
27818
23504
17326
24661
28939
8347
27587
16373
6351
27299
2545
12246
11304
16609
10912
26322
12891
18962
25573
17336
27592
28335
16295
7911
11557
22304
4352
23067
10
6701
14565
8838
11442
12213
7690
6435
4352
31650
23552
21831
26816
1308
28064
30073
27440
11773
22189
12931
25022
32389
4277
10441
7188
22864
16184
19418
25938
11140
28429
14405
24218
27983
25856
22446
25298
1681
16320
2848
22437
27605
28921
20389
4043
1926
20925
4372
8843
17248
22056
7979
23678
17956
9284
30941
11669
14736
4650
25069
14429
11406
20330
30396
26242
26028
15789
12896
9875
14796
15513
6901
14084
15132
27893
2104
8825
21577
12046
14418
20802
9200
24665
9969
21537
11350
7257
23197
19540
11096
1219
7242
5327
11941
21729
19753
4298
14378
17460
20164
17275
1742
31837
12618
5413
22368
9790
7207
26961
12749
21084
9432
27227
5783
16519
2046
11825
8322
19134
30897
6232
28305
30541
31254
7472
27184
30264
30516
19064
15795
3548
3331
14612
3839
15060
15046
19470
21127
1818
27803
24796
19067
23662
5201
21729
1595
22012
17529
1078
30226
21817
448
9641
26401
24078
15996
10246
31641
32312
13444
29846
29486
17391
4421
15078
22472
1989
10258
10697
25211
3538
7868
14752
11449
16910
18531
27609
454
5118
8843
9142
25709
13715
10354
31824
7410
16719
28834
16347
25415
2985
18626
25643
31106
9139
17329
12407
19087
18170
28118
28766
24866
19629
7089
22567
19184
19458
1718
32333
15391
470
11356
3643
1787
14740
9073
6228
15338
15703
23472
9014
1442
4435
31637
25152
5529
32369
20592
13650
13501
12345
1209
21971
19558
27125
4259
21753
31625
5907
6387
20292
3118
15052
12307
31052
23844
771
11618
27069
5107
624
3791
17568
11026
22013
6310
11228
12378
14704
10153
6396
18363
20299
26979
1074
17966
8176
28345
31900
30954
5129
19650
5575
27867
28199
16345
20082
19024
1961
1264
21652
6388
21728
23847
19104
32767
29809
28573
29191
22189
19962
32133
24318
6384
1016
7293
6531
5217
15592
27420
20378
24957
1964
29642
31965
32014
24369
12757
11059
5607
4431
27841
12512
25300
3312
24031
4030
5329
23413
21537
22985
14714
18773
18988
16097
8643
519
8879
10188
8425
8995
32499
635
14249
2756
25524
9102
32687
25904
8240
24858
27473
15803
11133
19113
11645
5864
27679
8834
24048
19922
7642
31787
11689
19658
18885
9261
16286
20802
1184
13591
31149
18666
26471
32197
25045
2584
30247
7394
23462
27501
26897
30124
23030
32438
3021
25079
22742
29456
10001
17781
13253
25168
10353
26164
11299
3489
31865
11880
13288
19823
20217
15211
20629
14468
9632
24066
10859
18033
2252
28642
7131
28976
11937
8819
21823
6663
23641
10963
26823
13743
29146
28446
21174
950
21390
6381
20942
21794
9839
12572
9224
9815
4705
10449
31625
4155
32453
29625
16338
21655
32075
6037
28471
2497
22279
21750
13458
10616
28616
19780
1336
1807
29605
18949
23340
28878
728
2396
24467
149
20432
13264
6504
24514
25473
24399
29809
597
31743
17267
13426
7506
14667
772
10400
23655
3180
11965
13144
6863
7362
25939
31249
9078
6040
13491
20880
15454
7672
8331
14939
321
17603
29197
367
20856
23297
13552
22837
21787
27253
1463
32435
23914
9844
5429
16127
9323
15608
1361
28922
12245
15857
775
14138
23341
3291
16815
7752
19759
4245
15234
27404
23663
5489
23386
11653
10048
5512
29625
27582
25301
23376
9997
30973
9638
12912
9522
19773
12565
6866
25145
28894
32338
12794
10856
20636
4732
18071
14209
3518
24073
19032
11080
7823
11111
5633
4927
21266
24803
13246
22964
4594
6603
9143
18429
25016
23247
20196
32259
4672
26029
7203
765
6766
28686
23432
21374
32285
16810
31732
4274
20568
32179
16105
13540
9677
7025
24220
28996
2942
21034
23116
6376
21946
31812
23763
15632
23372
13741
29051
24238
28914
14715
31506
22822
14609
17104
8513
27218
7078
29953
10265
31689
31360
3831
26095
4449
30125
28117
19306
242
21554
8922
12762
22365
25855
8330
25547
3789
27681
17160
5083
31293
28730
14279
13768
2619
31790
2145
28109
20203
10528
19655
2607
23374
1181
18587
15123
28100
10006
30682
31890
464
3732
20158
26383
12060
4519
12515
22984
31165
32415
25512
13228
30647
15103
32728
3693
28612
30511
9866
12245
21841
19057
32069
9565
17866
19222
13672
15868
27415
30450
8905
22077
26471
13
9629
10900
11820
20891
27544
9202
28262
24879
19541
21143
29221
8235
17655
2856
5961
8571
22289
23041
17805
18307
20163
16588
1476
3669
13350
29266
7778
17960
27626
146
22845
20998
19262
12560
22165
16068
8944
27504
4434
17975
1494
30275
30862
4773
20076
30241
16979
22138
10174
25336
23462
3132
7561
26531
6596
29377
30621
24511
4267
6560
25733
26554
13020
4581
14186
13100
7776
5897
15669
7531
15113
17441
27892
10330
3578
10581
30591
23937
26217
21908
31323
17763
18340
10374
23006
26891
13394
194
1684
4585
16124
6722
12770
15324
972
12563
13801
28048
28564
15441
13485
27402
30737
21843
12919
30337
10610
7971
12152
4976
11540
16945
1198
32745
11664
20552
2060
22572
15351
9408
15317
6264
6748
5366
3401
28961
3987
1273
26243
8419
10297
13446
6050
18806
2292
22583
23335
29282
13820
21239
31134
11797
29659
9145
20609
5427
9585
23402
16473
3117
19258
12067
17958
1813
2004
31396
17409
16305
19899
18174
15616
4558
6744
10639
2138
29142
25146
3891
16331
12709
4771
18361
27962
1945
19526
26004
15258
3048
15183
17875
12046
8247
12452
21588
10320
30056
24682
24628
14163
9139
27084
5257
295
2296
3063
26964
15646
24915
11369
8369
3373
19954
4716
9297
13716
15907
31709
22314
30657
28337
28466
12141
5234
29553
28348
11449
14619
32536
28968
32398
23687
23887
17228
28420
20161
21258
14113
26045
53
22805
17419
5912
17427
25839
31841
13223
4596
13276
31785
11236
2752
19510
13603
23583
17615
10500
15370
13499
9038
17358
31510
12954
15589
28847
28101
15318
5526
16555
18907
13490
12265
24131
14759
24784
14662
6215
2953
25764
21922
3820
31409
31528
20062
14110
29993
13265
10347
10263
790
19650
26035
26417
13115
32065
30132
9720
12478
17511
6510
9860
26159
4123
16000
14854
20934
20545
5518
3488
28396
18990
26597
14714
22781
16479
28770
17938
2893
17003
15248
7123
25193
14647
21264
4330
17055
873
14398
2389
1984
13855
29201
23868
8740
21984
12867
31109
1263
7123
21938
28323
18835
6958
17415
25006
11414
23282
29333
5049
18326
14294
3716
29536
11402
8832
4654
27808
17994
3579
18889
27372
8786
8806
2887
16764
1986
2025
9594
28137
32682
24046
19068
26871
12933
12941
31054
31153
16131
3655
10943
16060
28172
26616
17807
25061
26625
5383
7637
10748
20293
2528
926
24293
25596
32420
9431
13292
5394
19486
18029
11353
8831
5370
6322
11844
13514
3889
11011
14251
3532
456
17064
27074
14007
19130
6395
24202
20311
307
17612
31909
25239
2046
21253
15721
25670
9281
21130
6451
15387
27752
22371
3582
503
9055
14621
29748
20331
21508
4205
5571
19066
16604
14359
15220
19872
31748
21774
9337
20755
15211
10717
7236
31048
15679
14661
8864
28345
20645
31784
23034
25318
22189
11942
12287
26265
20357
30853
29805
30063
18413
29910
21026
23188
15082
23765
24186
21198
15295
23058
13015
4029
31769
17358
17537
97
650
19368
28337
732
9528
23929
25320
25465
7383
13948
29573
19694
17364
30642
27799
3550
21971
14212
28400
22434
17244
22187
379
23113
28113
7245
19663
25053
24484
23912
13571
22760
21702
13172
17860
21559
10083
1604
9382
3038
29900
27950
32184
25981
3765
11115
7771
29633
3232
19392
12884
3885
4505
8030
22303
27674
6692
9224
31110
20988
26228
5491
12659
22504
21725
11762
4099
19027
16524
23123
5083
7709
14454
25859
14271
5326
8846
23673
20321
30239
7995
14546
9846
700
16649
1209
5647
1096
27807
3466
1063
7841
29937
24247
376
18022
18358
3178
31124
183
15901
4460
10544
20540
26043
17477
20163
29545
21960
10149
18768
22528
25740
6658
6527
26583
20756
10371
30963
4827
13609
2333
31704
14933
21379
32764
28859
24940
5689
13348
29343
18155
20860
14168
24909
19525
7813
17722
13291
19927
25292
32181
22992
20588
22395
7832
7575
10246
9506
131
15986
31708
26540
23303
13249
19359
11922
5129
20196
23041
19790
7783
12109
8312
4115
11231
15577
12351
10427
13868
7264
9375
26625
9073
21131
2668
5872
2523
2277
24786
1179
22146
10549
5970
7183
23441
17164
11527
5766
2471
28570
21806
7645
22653
10181
17637
29512
8904
16509
3635
28229
31073
329
11337
26574
12707
2342
9479
26067
13076
30098
25538
6887
18504
32740
12613
3642
30467
1246
27925
32711
9118
10885
27642
23758
940
6192
8122
22661
9181
29920
27688
32011
1314
8143
19805
18589
5393
22348
13126
11020
1420
16837
13919
30574
18333
3366
2493
7700
11685
6242
20050
17085
30902
23374
11117
777
21821
182
20608
305
2788
26283
17446
1780
25526
31002
9316
21717
3716
6819
15407
29059
136
4007
4655
3481
6729
8099
21699
20359
5054
24765
18245
7120
29622
24989
5263
11639
5752
9598
10942
4787
1958
9861
1078
25066
13159
21073
486
15069
12996
13523
15053
26657
14163
17760
25788
13518
23059
2564
14942
19067
20888
1306
631
11113
21352
8473
7273
7422
9380
3761
13820
5749
7659
18711
3678
2005
9851
13469
27241
3359
27289
2949
7717
25036
20788
3351
20366
10358
29893
8945
22167
23254
9081
28831
24174
30190
10898
363
11266
13959
28938
2166
11715
31198
9594
26376
14504
5787
827
27941
5751
16898
29387
2145
18753
21869
2418
21749
10283
2042
11301
17681
14709
28801
22954
21108
28084
25545
24573
28219
8290
763
243
8950
409
3670
18973
7425
19740
20517
9199
3346
29335
13294
23585
6414
4904
24045
12118
20257
30749
22208
5628
20237
26368
8036
22643
7618
30417
16736
11889
22320
19090
12096
28069
12889
21769
2373
2970
2986
2497
6747
30431
27019
8018
8523
2917
12085
18146
14898
9768
29123
31980
31794
7185
9100
22336
8039
6171
2481
29771
16157
9398
12274
28569
3136
25705
20166
32664
1043
15802
22442
8351
32549
32338
7097
28974
11394
14685
16509
9080
19750
25904
30469
10270
17335
31790
10551
30270
19571
9452
4456
5292
29031
9619
28714
18559
3809
9862
21605
3280
31785
2117
10666
14270
11372
20626
195
28853
23545
29394
18063
23537
7600
30645
23821
7997
23734
18457
19126
9217
9838
7980
29712
14971
20645
26577
4992
589
20493
2374
25439
15416
21229
26371
11857
26919
29718
6117
14802
23151
6681
6283
16146
5973
22199
32001
26115
15313
23193
26011
30384
13457
20802
15140
13520
31809
14657
30264
6555
15882
3243
30191
24540
344
19912
10684
5704
17121
19469
4756
11278
7907
13642
24402
11183
28844
18213
10330
6160
2912
13511
3708
8142
28663
5333
16668
6865
9349
27554
12176
1572
4286
9635
27082
29187
953
5667
29751
5686
18164
20023
4838
158
25241
24565
20461
4622
30463
25057
16649
15708
20340
18088
20612
15543
4666
23825
3420
12602
12751
3120
18081
24770
881
8157
30239
1533
7906
14692
15933
26308
27497
14462
32549
9387
32281
12416
18213
31702
11605
15827
8789
25614
32148
20388
3451
18451
19298
14812
4139
18228
22184
9043
16947
13598
4908
9280
16438
19442
25179
10485
21398
17562
6727
27849
20887
18780
32236
8533
30146
30383
2743
5603
15240
24142
16201
29475
31528
16524
16248
24352
19923
28647
31126
7539
32013
4831
12534
32694
342
14345
4525
14908
21514
28767
12694
28927
6278
25562
8857
4314
24716
5187
31276
18681
4073
16966
29209
14477
9044
10440
1666
9412
24218
634
13603
19192
9720
3502
16856
8999
1736
618
9311
9891
13153
11963
862
28426
30264
11596
24744
16761
24651
27191
23228
23037
14015
27163
10127
2890
25543
1903
11403
1712
28361
6678
22487
24650
16316
15667
7897
9081
12757
10046
17913
2960
14690
18520
21928
13521
8438
8923
24737
22937
8646
4662
32623
28631
23379
29688
9520
15042
28233
26410
12696
9420
16039
5602
25657
30161
8481
15637
5377
14741
30659
26285
22020
27245
470
2523
25211
13372
25351
1455
32525
25505
9670
10726
12110
21871
15597
16899
25734
31326
18594
22177
2483
17152
8830
6407
4305
2038
29935
11517
25944
16995
25050
17630
26631
10401
31877
17391
22496
819
6837
23279
19572
19963
16659
21231
9568
31149
11988
31332
4888
24964
19609
26747
7395
18740
660
2732
18471
30495
14829
12434
17639
16075
3428
2554
17290
3988
27959
19258
22494
23454
14918
27588
3420
27406
7285
13050
4270
28538
6226
1860
4718
27549
10232
13152
18225
17232
23347
5626
10436
1974
17124
28541
23733
21430
11175
16936
25621
19630
27572
30820
30845
7013
18435
17749
14927
28994
13492
29615
5182
28092
29869
5835
30737
30738
23685
20986
22691
24892
15521
10777
1327
25121
13980
5477
18890
18954
492
15761
31025
29015
25539
10262
17349
17521
24116
14539
32724
31487
23191
17077
18202
20317
21294
6944
3464
19017
16393
25326
5444
30432
19238
31280
25584
4810
4061
20979
7471
3761
27003
4188
26213
29431
5422
15096
14271
31912
11041
23373
15988
1709
13031
20917
13386
4931
22301
19052
20571
2476
31819
2279
13593
31780
16140
32103
32656
2583
7535
22735
23531
12945
20380
4786
17210
10998
5051
5553
18034
3571
28945
1540
2741
30388
13932
22102
23252
23640
14274
7894
29203
16802
3861
27275
25644
3313
25753
28391
18070
7282
537
24992
32518
27284
13719
24763
23351
22204
18227
8426
21991
26171
1614
22039
11554
4477
12782
2625
11714
29058
16484
22151
22583
24978
18989
12930
17028
26925
7191
19928
23434
578
13476
10254
29577
4001
12467
23198
11748
6065
27485
18762
16420
5990
21790
11439
8768
366
17973
11037
5148
15787
20557
29606
7247
15590
21340
3957
25641
29890
22988
23906
5365
22510
32729
27587
6779
7839
27194
9348
28361
29502
4099
32634
21299
22365
23498
12020
6809
21744
26632
31379
26856
20410
23235
15452
3043
2821
9322
13324
20772
14230
9729
9387
32093
7648
637
28772
18660
14456
8050
9876
1391
21193
6379
14369
20764
9
11417
17933
31412
32364
24625
15947
31536
23191
26383
15057
10364
26455
2847
22254
1404
23955
7421
28382
21325
14463
12123
32156
18381
8723
8612
3319
3421
956
15838
27624
28645
3921
28117
7971
23321
21576
19318
16364
3579
13610
4217
15660
10145
20804
10563
12996
28985
13984
28426
19233
2378
28723
19770
24336
21565
17496
22039
18388
22043
14205
2724
6007
22936
10012
22980
11101
2129
4334
6816
19743
22610
23131
1608
21910
29403
11316
29853
1589
30820
13988
24686
3228
17886
29028
30433
25707
7996
11311
13845
2900
25394
886
24325
15221
11324
3412
16048
8164
739
21188
4727
14219
1340
26898
3014
23094
10161
16271
14070
5098
29443
30089
18802
19065
25488
19578
6937
24915
19922
2688
20196
20383
27689
24845
28361
23690
31194
11232
32479
30175
32599
7220
19394
21721
13249
9271
30777
25909
6059
14013
3606
8842
11553
12086
5726
24541
28904
30173
31914
11632
30984
13363
16845
20700
23688
11692
16823
863
18553
4264
4250
27255
26166
21412
13131
32432
30441
29362
14058
21690
18513
8486
27589
31934
26307
17299
18298
27634
12399
17910
12892
9324
11749
8752
17432
3892
21464
10938
13209
15516
4641
28052
32296
32468
21510
17278
2520
4793
21949
24427
18209
19182
29484
29235
5579
28974
21491
13960
28941
20960
6316
31019
9975
9708
28017
29023
7949
20174
9631
32159
29749
6377
17626
6284
26067
30749
6482
6697
25650
29339
19268
6474
15398
11768
1475
330
9711
21121
7352
12285
15201
14543
21544
12261
6466
5531
11445
25257
12276
6099
22888
12226
1875
11500
17069
2936
31201
24443
15007
27149
11041
1023
18054
29496
15680
10241
8606
2517
2554
30560
23835
31706
25276
3046
16745
28301
7174
23326
21688
23284
26644
13930
10936
11917
17597
4432
24993
25664
155
533
28791
10642
7020
12429
10892
25627
1464
10033
7238
11066
949
14962
9506
2567
14183
31309
29433
7561
5643
25120
17027
25386
19638
15036
2329
19303
22586
25275
27583
25804
21577
28948
10081
13088
17885
26092
20061
1757
25814
23983
32578
26851
10469
31328
30935
28268
7594
30509
12128
2371
16921
6727
18204
10289
30498
30960
6162
15288
16785
16854
7950
29444
25395
415
32742
17695
3898
5573
32001
6756
15842
16804
2074
10806
25429
6609
20546
24818
3532
14766
28964
25121
12024
30523
10125
31475
5280
2351
12076
6377
21643
21320
11670
6353
12192
19679
20108
503
12364
13759
30081
410
2084
3383
10327
15005
28876
32622
5994
15743
5143
15607
26319
15501
16239
28837
7390
20566
26232
18337
23021
24672
14576
16313
15711
1049
20442
12283
7134
28688
13787
16259
27364
17253
20196
16017
1408
18815
25361
5599
11863
1020
20689
16433
29417
4334
10824
557
21525
16708
16881
21613
22495
29574
27272
13267
26738
1734
28199
19484
9313
31187
175
12472
1074
2735
12649
6105
31005
27203
8173
19403
26897
22610
30787
18051
11256
15276
31305
11130
28220
2724
4180
5052
7306
6083
14618
24635
15574
5822
18640
1642
22687
28070
17807
2823
23668
9823
25340
7992
4279
5203
24872
5082
4001
615
21173
5910
23686
32047
3643
28725
90
3421
20201
11701
20341
30336
18544
31132
15507
19947
12828
2060
23839
32242
3396
21528
689
2397
10981
7894
3541
8982
13450
25781
24078
28197
15471
15633
794
31198
6373
22533
4984
20057
3832
3713
19496
7459
4176
14492
23986
27187
4181
15915
2665
16672
13463
5522
31217
19089
25708
9434
26111
22004
31707
14596
1120
11123
9656
1949
21053
14883
8465
28307
9373
30335
30153
26183
8747
32022
23683
23011
2618
19840
24001
23022
27910
12694
27725
23838
14652
9443
32473
877
17085
20565
27874
3950
9887
28216
4826
2530
12405
10853
389
17287
9425
21175
15524
10544
5383
27583
19665
7706
8243
32185
10410
20606
17789
11710
14641
15459
11163
30523
32115
20662
408
6561
4456
27292
23764
3678
7195
6919
14413
6925
26890
27272
31004
21481
12496
3940
7235
8840
21761
18921
29093
9414
4950
23298
2134
30719
29706
18698
12309
17537
30595
26334
13335
7488
18229
20790
13063
1996
28100
22069
14410
16513
23144
31550
31367
3837
13206
5386
25447
16088
15581
9719
17561
4239
21518
30371
24090
14016
18847
7354
6579
13213
6225
25612
8131
10907
16401
19939
10558
31338
18460
6803
13046
13098
11367
4434
30233
15580
14910
31306
18939
16918
8235
32493
21270
13051
13593
25737
9040
29803
15033
21788
12156
3959
7973
10857
15906
29976
452
28491
13187
10784
32621
2890
24280
28528
2511
19564
11483
14956
19984
17229
25480
4524
28340
9586
19237
8692
5313
10715
26752
8039
7200
5079
11384
18167
24391
24605
15550
5152
26133
18455
14813
32470
31741
3969
9848
21948
29031
20531
21459
2198
3155
14395
30614
30465
27712
28207
20173
5986
25932
4034
29234
2588
5788
32404
16303
27910
16382
28495
32031
796
6861
28399
6229
1140
14870
21089
10335
10868
13816
17488
5131
19523
9809
25916
427
8061
12439
12748
29718
28971
11523
9061
14575
27378
9973
16123
3114
14474
15508
1575
5323
8562
8628
32378
7921
27362
18942
17170
14100
5634
32330
21610
2699
20057
24912
6774
12625
7304
10112
19696
17672
12600
1582
13805
26942
23633
7666
691
10480
1132
25679
5838
19788
12940
20626
5473
4539
1544
20477
5307
22815
9420
17701
12330
18521
31682
5785
27668
27151
25482
4292
8259
16300
32113
7957
23681
25512
23713
8285
31589
8457
20373
23160
22380
9258
24016
20783
22091
10427
19919
1117
16004
18697
18236
22865
2872
21119
25956
13172
12860
17261
19947
43
4207
22025
8126
14847
28746
15540
20042
9980
24248
29566
15596
22102
16936
19179
11944
8531
26593
4088
24093
13156
31638
30041
20920
23957
7483
8709
16425
14632
2327
2292
6419
23933
1561
28199
1544
11574
3695
15594
30644
32408
26197
4950
4952
9011
5419
10009
5243
4805
29899
26490
30428
