49
266
519
872
1399
2250
2375
2587
2956
3113
3191
3739
4353
4810
5232
5376
5683
5731
5887
6088
6434
6487
6840
6846
7078
7660
8347
8392
8706
9245
9756
10038
10144
10179
10300
10833
12443
12693
12917
12936
13608
14224
14308
14548
14736
14999
15116
15300
15537
15949
16228
17314
17561
18016
18119
18281
18808
19111
19972
19974
20064
20189
20276
20348
20366
20844
21613
21785
22743
22854
22897
22912
22978
23200
23273
23831
23939
24194
24265
24291
24441
24621
24650
26446
27454
27822
28002
28041
29029
29180
29817
29888
29891
30017
30504
31313
31504
31976
32068
32527
