21
69
77
117
233
327
349
407
454
494
500
514
584
649
659
667
697
720
744
764
850
868
892
931
978
1009
1011
1012
1035
1039
1041
1044
1053
1053
1183
1194
1240
1317
1349
1360
1470
1515
1559
1573
1608
1637
1702
1784
1873
1878
1928
1947
1963
2014
2035
2037
2053
2122
2142
2144
2159
2169
2195
2228
2255
2259
2289
2299
2310
2331
2390
2395
2427
2459
2471
2531
2551
2596
2672
2723
2730
2751
2825
2853
2869
2882
2892
2953
3048
3054
3111
3113
3127
3132
3146
3161
3190
3204
3221
3260
3280
3340
3416
3449
3451
3492
3501
3574
3577
3593
3639
3655
3681
3689
3736
3738
3741
3747
3749
3810
3820
3848
3872
3887
3917
3927
4052
4062
4085
4122
4136
4160
4211
4254
4281
4308
4308
4328
4337
4367
4416
4427
4438
4444
4479
4483
4494
4543
4715
4743
4773
4776
4820
4878
4880
4948
4988
5107
5127
5277
5327
5343
5432
5444
5461
5475
5512
5545
5560
5583
5588
5634
5636
5639
5686
5696
5697
5709
5733
5752
5812
5853
5900
6008
6048
6055
6076
6087
6183
6189
6193
6228
6264
6275
6313
6316
6381
6455
6463
6473
6551
6567
6569
6588
6606
6625
6634
6676
6713
6725
6738
6771
6778
6842
6857
6864
6885
6966
6993
6996
7068
7109
7131
7243
7266
7355
7365
7392
7404
7407
7485
7502
7523
7559
7577
7632
7635
7718
7742
7746
7748
7752
7798
7803
7834
7839
7842
7854
7906
7923
7930
7953
7954
7997
7998
8047
8189
8202
8212
8223
8225
8237
8285
8287
8288
8326
8328
8407
8443
8463
8600
8626
8690
8705
8713
8737
8767
8791
8791
8883
8900
8906
8912
9020
9027
9054
9079
9172
9176
9181
9190
9221
9223
9286
9340
9349
9557
9562
9617
9696
9748
9796
9828
9867
9909
9931
9932
9939
9945
9966
9974
10003
10023
10049
10118
10147
10152
10160
10186
10201
10212
10258
10316
10316
10366
10509
10528
10542
10562
10563
10591
10620
10622
10623
10625
10632
10752
10754
10781
10807
10817
10899
10949
10980
10982
10993
11086
11117
11175
11197
11206
11216
11244
11269
11290
11313
11357
11419
11429
11434
11531
11548
11576
11593
11612
11619
11796
11805
11888
11937
11945
11991
12010
12019
12032
12130
12252
12300
12334
12383
12467
12478
12509
12513
12521
12526
12564
12579
12621
12668
12669
12671
12671
12751
12786
12786
12793
12828
12868
12872
12896
12911
12919
12948
12956
12974
12994
12997
13108
13137
13241
13356
13402
13404
13475
13493
13556
13582
13589
13662
13664
13698
13848
13888
13917
13968
14018
14071
14091
14113
14118
14213
14225
14251
14280
14284
14302
14361
14380
14488
14499
14546
14561
14579
14586
14589
14607
14714
14835
14843
14960
14969
15009
15042
15063
15077
15138
15158
15212
15282
15299
15301
15305
15315
15395
15398
15439
15447
15452
15502
15504
15508
15531
15604
15638
15655
15672
15696
15699
15761
15798
15809
15841
15850
15891
15899
15956
15969
15978
16042
16053
16083
16102
16180
16207
16263
16316
16342
16353
16401
16410
16435
16512
16552
16585
16587
16684
16695
16735
16736
16778
16804
16816
16822
16854
16866
16886
16905
16917
17055
17065
17107
17109
17110
17112
17155
17189
17245
17256
17322
17342
17345
17358
17365
17385
17442
17449
17478
17481
17505
17516
17625
17627
17663
17726
17737
17741
17797
17822
17849
17869
17898
17923
17948
17985
17998
18018
18081
18100
18112
18174
18181
18193
18199
18220
18247
18273
18294
18328
18349
18372
18417
18447
18496
18497
18536
18570
18589
18616
18628
18659
18711
18798
18850
18857
18884
18950
18952
19045
19050
19081
19112
19115
19227
19267
19289
19290
19310
19341
19395
19403
19456
19525
19575
19583
19596
19607
19616
19638
19682
19696
19741
19758
19763
19790
19795
19827
19871
19887
19924
19956
19988
20034
20049
20065
20093
20117
20204
20208
20218
20229
20245
20262
20267
20311
20312
20326
20339
20342
20344
20396
20423
20434
20540
20586
20731
20750
20768
20792
20829
20873
20954
21011
21023
21028
21099
21136
21160
21173
21214
21249
21344
21472
21537
21544
21585
21598
21619
21648
21653
21680
21732
21766
21771
21801
21841
21873
21957
22032
22052
22059
22095
22109
22121
22146
22149
22269
22381
22383
22429
22431
22431
22435
22440
22466
22476
22542
22579
22580
22610
22612
22692
22709
22712
22722
22728
22746
22787
22844
22860
22866
22885
22962
23034
23070
23132
23145
23167
23181
23183
23209
23258
23273
23274
23323
23420
23420
23443
23444
23476
23481
23550
23648
23656
23708
23713
23737
23747
23761
23803
23892
23906
23932
23939
23970
24068
24128
24128
24190
24270
24321
24332
24377
24461
24483
24575
24647
24792
24839
24875
24949
25030
25048
25070
25091
25105
25132
25147
25221
25227
25313
25433
25468
25492
25532
25598
25638
25640
25662
25712
25771
25803
25840
25853
25880
26018
26059
26096
26101
26106
26107
26117
26118
26132
26134
26174
26189
26199
26219
26220
26241
26267
26270
26423
26464
26509
26509
26520
26526
26601
26607
26648
26695
26709
26911
26965
26986
27083
27164
27255
27257
27295
27349
27354
27403
27476
27488
27513
27566
27569
27628
27725
27823
27897
27909
27981
28024
28028
28043
28058
28137
28154
28156
28156
28162
28225
28262
28294
28378
28385
28387
28389
28390
28429
28478
28490
28509
28517
28552
28608
28680
28702
28703
28742
28804
28813
28850
28850
28858
28881
28890
28900
28925
28927
28947
29023
29054
29057
29070
29084
29148
29177
29227
29255
29277
29297
29300
29332
29365
29461
29465
29472
29474
29513
29515
29515
29517
29521
29541
29546
29600
29609
29611
29631
29635
29658
29671
29714
29793
29803
29819
29838
29841
29882
29897
30007
30062
30062
30115
30168
30216
30274
30277
30287
30371
30409
30445
30450
30597
30633
30675
30705
30739
30743
30803
30807
30885
30900
30953
30962
31039
31117
31130
31157
31166
31200
31212
31232
31268
31292
31297
31333
31342
31352
31372
31398
31413
31429
31436
31438
31491
31600
31617
31640
31655
31699
31749
31752
31782
31809
31814
31839
31946
31983
31985
31986
32000
32054
32083
32088
32162
32175
32215
32231
32283
32288
32304
32380
32392
32393
32418
32517
32560
32568
32583
32600
32623
32637
32687
32754
