4
9
10
13
13
14
15
19
35
37
43
43
44
47
53
59
61
67
71
74
78
80
89
90
92
97
104
107
110
115
115
115
123
126
131
131
136
136
137
146
149
150
153
155
156
158
160
163
170
175
177
179
181
182
183
185
189
194
195
195
196
197
198
199
207
209
213
216
217
220
222
224
231
233
234
236
242
243
252
253
256
261
262
263
266
273
276
283
283
287
289
295
296
299
302
305
306
307
310
312
313
313
314
321
329
329
330
338
342
344
351
353
353
355
363
366
367
369
370
376
376
379
387
389
398
401
408
409
410
415
418
418
420
427
429
438
438
448
450
452
454
454
454
455
456
464
465
468
469
470
470
473
477
478
484
486
486
489
492
493
493
503
503
505
507
513
519
524
527
531
533
537
544
557
557
567
578
583
587
587
589
593
597
604
610
614
615
618
624
629
630
631
634
635
635
635
637
645
648
650
652
654
654
655
660
673
689
691
700
708
717
717
721
728
730
731
732
734
735
739
750
757
763
763
765
771
772
774
775
777
777
784
785
787
790
793
794
796
801
803
804
804
812
813
815
819
821
823
824
827
828
831
833
837
840
840
845
845
847
850
862
863
873
877
879
880
881
886
887
888
891
893
897
900
917
918
918
921
926
937
937
940
944
949
950
953
956
959
962
969
971
971
972
979
982
988
995
995
1005
1010
1016
1020
1023
1025
1026
1030
1039
1040
1040
1042
1043
1043
1049
1052
1063
1073
1074
1074
1076
1078
1078
1084
1086
1088
1089
1090
1096
1097
1102
1105
1110
1117
1120
1126
1127
1132
1133
1136
1137
1139
1140
1142
1142
1149
1149
1150
1152
1156
1156
1160
1171
1176
1179
1181
1184
1185
1198
1208
1209
1209
1209
1209
1211
1214
1217
1219
1221
1236
1242
1243
1246
1246
1255
1256
1258
1263
1264
1267
1273
1274
1275
1278
1280
1281
1286
1287
1292
1303
1306
1308
1311
1314
1326
1327
1328
1329
1335
1336
1337
1340
1345
1347
1347
1360
1361
1366
1374
1391
1398
1399
1400
1402
1404
1404
1408
1413
1420
1423
1423
1426
1427
1428
1429
1431
1435
1438
1442
1442
1443
1447
1450
1450
1455
1460
1463
1464
1469
1471
1475
1476
1476
1481
1487
1491
1494
1494
1510
1512
1513
1519
1520
1527
1533
1540
1541
1544
1544
1547
1547
1549
1551
1554
1561
1568
1571
1572
1575
1575
1582
1583
1588
1589
1593
1593
1595
1604
1608
1608
1614
1619
1619
1623
1627
1629
1636
1642
1655
1660
1663
1664
1666
1669
1670
1680
1681
1682
1684
1685
1694
1695
1697
1709
1709
1712
1718
1722
1723
1728
1734
1736
1738
1741
1742
1742
1749
1750
1756
1757
1757
1764
1764
1767
1773
1780
1784
1787
1790
1791
1791
1795
1798
1807
1808
1809
1813
1814
1818
1818
1826
1837
1841
1845
1855
1858
1860
1862
1866
1873
1875
1884
1887
1895
1903
1903
1906
1926
1928
1930
1931
1932
1933
1936
1942
1945
1949
1954
1954
1958
1958
1961
1962
1964
1974
1974
1974
1976
1984
1986
1989
1993
1996
1996
1997
2004
2005
2005
2008
2010
2020
2021
2025
2035
2038
2042
2042
2045
2046
2046
2053
2055
2059
2060
2060
2062
2063
2065
2070
2071
2074
2076
2078
2084
2088
2097
2100
2104
2108
2115
2117
2127
2129
2129
2134
2134
2134
2138
2140
2141
2144
2145
2145
2146
2149
2154
2159
2165
2166
2195
2195
2198
2205
2208
2223
2224
2228
2240
2252
2252
2256
2261
2271
2277
2279
2286
2290
2292
2292
2292
2294
2296
2300
2311
2312
2327
2328
2329
2331
2333
2333
2336
2342
2343
2344
2350
2351
2363
2364
2368
2371
2373
2373
2374
2378
2383
2389
2396
2396
2397
2400
2401
2402
2404
2414
2416
2418
2419
2419
2420
2421
2421
2425
2427
2428
2432
2433
2433
2434
2437
2440
2443
2448
2449
2450
2456
2463
2469
2470
2471
2472
2473
2474
2476
2477
2481
2481
2483
2483
2493
2495
2497
2497
2497
2499
2503
2510
2510
2511
2511
2515
2517
2518
2520
2523
2523
2523
2526
2528
2528
2530
2530
2533
2539
2541
2545
2545
2549
2554
2554
2554
2556
2557
2557
2560
2564
2567
2576
2576
2582
2583
2584
2584
2587
2588
2590
2591
2593
2596
2599
2601
2601
2606
2607
2608
2608
2618
2619
2619
2625
2640
2644
2646
2660
2663
2665
2668
2669
2670
2671
2676
2681
2682
2685
2686
2688
2691
2692
2693
2696
2699
2703
2704
2709
2711
2714
2714
2715
2719
2724
2724
2725
2732
2735
2741
2741
2743
2750
2752
2753
2753
2756
2758
2760
2760
2766
2773
2787
2788
2794
2795
2796
2799
2802
2806
2810
2811
2811
2820
2821
2823
2826
2830
2830
2833
2839
2847
2847
2847
2848
2856
2859
2865
2866
2868
2872
2884
2887
2888
2890
2890
2893
2895
2900
2912
2912
2914
2917
2920
2926
2926
2934
2935
2936
2942
2944
2946
2949
2949
2952
2953
2955
2960
2960
2960
2970
2974
2977
2978
2978
2985
2986
2988
2989
2993
2997
3004
3011
3011
3014
3014
3015
3018
3021
3024
3024
3027
3027
3028
3033
3038
3038
3043
3046
3046
3048
3054
3054
3060
3063
3066
3067
3075
3079
3082
3089
3096
3103
3104
3105
3108
3109
3111
3113
3114
3116
3117
3118
3120
3121
3127
3130
3132
3136
3148
3149
3155
3160
3168
3173
3177
3178
3180
3185
3187
3190
3200
3207
3208
3208
3209
3212
3214
3222
3223
3223
3223
3228
3231
3232
3235
3243
3254
3261
3269
3270
3272
3280
3284
3291
3294
3301
3308
3312
3313
3313
3314
3316
3319
3325
3325
3326
3328
3328
3329
3331
3331
3335
3340
3346
3348
3351
3351
3355
3359
3362
3365
3366
3369
3373
3376
3383
3383
3384
3396
3397
3398
3400
3401
3408
3409
3412
3420
3420
3421
3421
3427
3428
3434
3436
3439
3451
3464
3466
3468
3472
3474
3481
3481
3482
3486
3488
3489
3490
3491
3502
3503
3503
3509
3518
3518
3523
3529
3532
3532
3532
3534
3538
3541
3548
3548
3550
3550
3553
3562
3571
3577
3578
3579
3579
3579
3581
3582
3584
3602
3606
3607
3611
3614
3635
3642
3643
3643
3646
3646
3647
3652
3654
3655
3669
3670
3670
3678
3678
3681
3685
3686
3690
3691
3693
3695
3708
3713
3716
3716
3716
3718
3718
3723
3724
3727
3730
3732
3736
3741
3750
3754
3754
3755
3757
3761
3761
3765
3766
3768
3770
3781
3781
3789
3790
3791
3791
3797
3801
3803
3806
3807
3809
3815
3815
3819
3820
3820
3828
3831
3832
3833
3835
3836
3837
3838
3839
3842
3842
3847
3849
3851
3858
3859
3861
3861
3864
3871
3872
3874
3881
3882
3883
3885
3887
3887
3889
3891
3891
3892
3898
3910
3912
3913
3915
3916
3921
3921
3932
3938
3940
3942
3950
3952
3952
3953
3954
3957
3959
3962
3969
3969
3970
3975
3978
3983
3987
3988
3988
3990
3996
4001
4001
4001
4007
4017
4019
4022
4026
4029
4030
4032
4034
4043
4043
4044
4055
4057
4061
4062
4070
4072
4073
4087
4088
4090
4099
4099
4103
4109
4115
4123
4139
4141
4143
4149
4149
4151
4155
4163
4163
4165
4167
4176
4180
4181
4186
4188
4195
4197
4201
4205
4207
4207
4210
4215
4215
4217
4223
4223
4226
4228
4229
4233
4234
4237
4239
4243
4244
4245
4245
4250
4251
4251
4253
4259
4259
4264
4265
4267
4270
4272
4274
4275
4277
4279
4282
4282
4284
4284
4286
4292
4292
4294
4294
4298
4300
4300
4302
4305
4306
4314
4315
4318
4318
4330
4333
4334
4334
4338
4347
4352
4352
4352
4359
4361
4362
4366
4368
4372
4373
4374
4376
4392
4399
4405
4410
4413
4414
4421
4430
4431
4431
4431
4432
4432
4434
4434
4434
4435
4436
4437
4441
4448
4449
4456
4456
4460
4461
4468
4475
4477
4480
4493
4500
4505
4506
4508
4513
4515
4517
4519
4524
4525
4531
4532
4539
4539
4552
4556
4557
4558
4560
4564
4568
4569
4569
4579
4581
4585
4585
4586
4589
4592
4594
4596
4598
4605
4605
4608
4608
4622
4622
4632
4641
4650
4651
4654
4655
4658
4662
4664
4666
4666
4672
4674
4683
4686
4695
4698
4703
4705
4707
4716
4718
4718
4721
4725
4726
4727
4728
4732
4732
4734
4741
4743
4744
4746
4747
4748
4749
4753
4756
4759
4771
4773
4777
4786
4787
4793
4795
4798
4805
4806
4809
4810
4810
4813
4820
4822
4823
4824
4826
4827
4831
4831
4833
4834
4838
4840
4843
4845
4855
4861
4866
4867
4868
4871
4886
4888
4890
4892
4892
4896
4898
4904
4908
4908
4908
4908
4912
4913
4921
4923
4923
4927
4928
4929
4929
4931
4931
4933
4939
4940
4942
4944
4947
4948
4949
4950
4950
4951
4952
4953
4968
4972
4976
4980
4982
4984
4992
4992
4993
4996
4996
5007
5017
5017
5026
5033
5037
5039
5040
5040
5049
5051
5051
5052
5052
5052
5054
5056
5058
5062
5065
5072
5074
5078
5079
5082
5083
5083
5089
5094
5098
5102
5104
5107
5116
5117
5118
5120
5121
5126
5129
5129
5131
5137
5143
5143
5148
5148
5150
5152
5154
5156
5157
5157
5159
5161
5164
5165
5166
5167
5176
5178
5179
5182
5187
5189
5189
5198
5199
5201
5203
5210
5217
5227
5228
5234
5234
5234
5236
5237
5240
5243
5255
5257
5263
5271
5280
5281
5282
5292
5307
5309
5313
5318
5321
5323
5324
5326
5327
5329
5331
5333
5343
5357
5358
5361
5365
5366
5367
5370
5376
5377
5379
5381
5381
5382
5383
5383
5385
5386
5386
5393
5394
5399
5401
5402
5413
5414
5419
5420
5420
5422
5427
5428
5428
5429
5429
5431
5431
5439
5440
5444
5447
5447
5448
5454
5455
5462
5466
5470
5472
5472
5473
5473
5476
5477
5479
5483
5484
5484
5486
5487
5489
5490
5491
5497
5498
5506
5512
5513
5518
5520
5522
5526
5526
5527
5529
5531
5532
5535
5536
5536
5548
5553
5554
5558
5563
5564
5571
5573
5574
5575
5576
5577
5579
5581
5586
5588
5592
5599
5602
5603
5606
5607
5607
5608
5622
5626
5628
5630
5631
5633
5634
5635
5636
5643
5647
5666
5667
5674
5675
5685
5686
5689
5701
5703
5704
5705
5710
5717
5722
5725
5726
5734
5735
5745
5745
5749
5751
5751
5752
5756
5757
5759
5764
5764
5764
5766
5769
5776
5776
5777
5778
5783
5785
5786
5787
5788
5790
5793
5793
5796
5797
5800
5811
5817
5822
5829
5829
5835
5836
5836
5838
5841
5851
5857
5859
5860
5862
5864
5872
5882
5890
5891
5892
5897
5897
5907
5907
5909
5910
5912
5913
5921
5932
5938
5945
5954
5955
5957
5959
5961
5963
5968
5970
5971
5973
5981
5986
5986
5990
5990
5994
6007
6011
6018
6025
6029
6037
6040
6047
6050
6059
6064
6065
6068
6075
6079
6079
6079
6083
6088
6090
6099
6099
6100
6101
6103
6105
6110
6110
6112
6117
6127
6129
6129
6131
6138
6139
6140
6144
6148
6155
6156
6160
6162
6162
6168
6170
6171
6171
6182
6182
6184
6185
6186
6192
6198
6204
6206
6207
6207
6213
6214
6215
6220
6222
6225
6226
6226
6227
6228
6229
6232
6232
6235
6238
6239
6241
6241
6242
6242
6247
6262
6264
6271
6278
6283
6284
6289
6295
6295
6296
6297
6301
6301
6307
6309
6310
6311
6316
6317
6322
6326
6327
6327
6351
6353
6362
6370
6373
6374
6376
6376
6377
6377
6377
6379
6381
6381
6383
6384
6386
6386
6387
6388
6388
6394
6394
6395
6396
6397
6398
6407
6407
6412
6414
6419
6422
6423
6427
6431
6434
6435
6437
6438
6451
6453
6457
6458
6458
6458
6459
6466
6467
6468
6470
6474
6482
6484
6488
6493
6495
6496
6496
6504
6508
6510
6516
6517
6524
6527
6531
6533
6536
6550
6551
6555
6557
6560
6561
6579
6579
6581
6581
6585
6593
6594
6596
6603
6604
6609
6613
6615
6635
6641
6648
6649
6651
6656
6658
6658
6659
6660
6663
6668
6676
6678
6681
6681
6692
6694
6694
6697
6701
6701
6707
6707
6714
6715
6721
6722
6726
6727
6727
6729
6729
6729
6734
6735
6744
6744
6747
6748
6753
6756
6764
6764
6766
6768
6774
6776
6779
6779
6786
6796
6796
6799
6803
6809
6816
6818
6819
6820
6821
6821
6827
6834
6835
6837
6837
6845
6845
6855
6858
6861
6863
6864
6865
6866
6868
6869
6887
6888
6889
6889
6890
6892
6897
6898
6901
6902
6904
6906
6906
6910
6915
6918
6919
6924
6925
6930
6931
6932
6937
6941
6944
6945
6946
6947
6958
6958
6966
6966
6966
6967
6971
6975
6978
6986
6987
6988
7001
7005
7007
7013
7015
7020
7020
7020
7025
7027
7040
7041
7044
7046
7054
7056
7059
7067
7074
7075
7076
7077
7078
7078
7079
7081
7081
7087
7087
7088
7089
7093
7094
7097
7100
7101
7101
7102
7103
7105
7113
7114
7118
7120
7120
7123
7123
7123
7125
7128
7131
7134
7135
7136
7141
7141
7142
7146
7150
7157
7159
7164
7170
7173
7174
7174
7178
7179
7181
7183
7185
7185
7187
7188
7189
7189
7190
7191
7195
7196
7199
7200
7203
7206
7207
7208
7208
7220
7220
7220
7223
7227
7228
7229
7235
7236
7238
7240
7241
7242
7244
7245
7246
7247
7250
7253
7257
7258
7258
7264
7266
7266
7269
7273
7282
7282
7284
7285
7293
7295
7304
7306
7306
7306
7311
7325
7339
7340
7349
7352
7354
7355
7362
7365
7368
7381
7383
7390
7394
7395
7409
7410
7410
7416
7417
7419
7420
7420
7421
7422
7422
7425
7430
7431
7433
7444
7450
7453
7455
7456
7459
7465
7469
7469
7471
7472
7478
7481
7481
7483
7485
7486
7487
7488
7491
7496
7498
7506
7507
7513
7514
7515
7517
7531
7535
7537
7539
7540
7543
7547
7548
7554
7561
7561
7566
7567
7575
7579
7586
7586
7593
7594
7594
7600
7601
7601
7603
7610
7613
7618
7637
7637
7642
7642
7643
7645
7645
7648
7659
7666
7670
7672
7676
7681
7686
7690
7691
7692
7693
7696
7696
7697
7700
7702
7704
7705
7706
7707
7708
7709
7710
7717
7718
7721
7723
7723
7723
7732
7740
7748
7752
7770
7771
7772
7776
7778
7783
7787
7788
7796
7803
7808
7813
7813
7814
7818
7819
7821
7822
7822
7823
7825
7832
7833
7839
7840
7841
7847
7859
7859
7862
7868
7868
7873
7877
7886
7886
7889
7894
7894
7895
7897
7906
7907
7908
7910
7911
7917
7920
7921
7937
7941
7944
7949
7950
7951
7956
7957
7966
7970
7971
7971
7973
7979
7979
7980
7982
7990
7992
7995
7996
7997
7997
8002
8003
8014
8017
8018
8019
8023
8026
8028
8030
8033
8036
8039
8039
8041
8050
8053
8054
8056
8060
8061
8063
8070
8081
8090
8091
8099
8100
8105
8107
8107
8121
8122
8126
8131
8134
8141
8142
8143
8144
8153
8154
8157
8159
8159
8164
8167
8168
8173
8173
8174
8174
8176
8178
8178
8182
8185
8196
8197
8197
8198
8210
8213
8214
8215
8216
8216
8218
8222
8230
8235
8235
8236
8240
8243
8246
8247
8249
8252
8253
8253
8254
8259
8260
8277
8278
8285
8287
8290
8294
8297
8304
8311
8312
8315
8318
8319
8319
8322
8324
8325
8327
8327
8330
8330
8331
8331
8333
8337
8341
8342
8344
8347
8348
8350
8351
8363
8366
8367
8369
8392
8402
8414
8419
8424
8425
8426
8427
8428
8429
8437
8438
8440
8442
8451
8452
8457
8460
8464
8465
8466
8469
8470
8470
8470
8470
8473
8477
8480
8480
8481
8485
8486
8488
8494
8496
8499
8509
8510
8512
8513
8513
8514
8515
8521
8522
8523
8524
8527
8531
8533
8538
8558
8560
8562
8569
8571
8571
8587
8594
8595
8596
8606
8608
8608
8612
8612
8619
8625
8628
8631
8633
8635
8639
8640
8640
8643
8646
8647
8648
8649
8660
8660
8666
8685
8685
8692
8695
8697
8709
8710
8712
8713
8722
8722
8723
8723
8723
8736
8740
8744
8747
8748
8752
8752
8757
8764
8765
8768
8779
8782
8783
8786
8788
8789
8792
8792
8796
8799
8803
8806
8811
8812
8814
8819
8820
8821
8825
8830
8831
8832
8834
8838
8838
8840
8842
8843
8843
8843
8846
8847
8847
8853
8857
8859
8860
8862
8864
8875
8879
8879
8883
8901
8904
8905
8913
8916
8916
8922
8922
8923
8926
8931
8937
8938
8944
8945
8950
8963
8965
8967
8981
8982
8987
8988
8991
8995
8999
9000
9002
9011
9012
9014
9018
9021
9026
9029
9030
9031
9038
9040
9040
9042
9043
9043
9044
9048
9049
9055
9061
9067
9067
9067
9073
9073
9075
9078
9078
9080
9081
9081
9081
9091
9091
9094
9096
9097
9097
9100
9102
9102
9109
9118
9121
9121
9123
9126
9135
9139
9139
9139
9142
9143
9145
9152
9155
9157
9160
9163
9163
9171
9179
9180
9181
9184
9194
9194
9195
9197
9199
9200
9201
9202
9205
9206
9206
9217
9220
9223
9224
9224
9224
9229
9236
9236
9237
9238
9246
9248
9258
9261
9264
9264
9271
9271
9273
9278
9279
9280
9280
9281
9284
9290
9292
9297
9300
9304
9310
9310
9311
9313
9314
9316
9318
9320
9322
9323
9324
9337
9343
9344
9348
9349
9352
9355
9359
9373
9375
9376
9379
9380
9382
9385
9387
9387
9389
9392
9397
9398
9401
9402
9403
9408
9412
9414
9417
9420
9420
9421
9425
9431
9432
9434
9442
9443
9443
9452
9464
9465
9471
9478
9479
9480
9486
9488
9489
9505
9505
9506
9506
9511
9513
9514
9520
9522
9524
9525
9528
9534
9535
9539
9550
9553
9558
9560
9562
9565
9567
9568
9569
9581
9583
9585
9586
9586
9594
9594
9594
9595
9598
9601
9602
9616
9619
9627
9629
9631
9632
9635
9635
9638
9641
9644
9645
9656
9664
9668
9670
9670
9674
9674
9677
9685
9686
9689
9707
9708
9708
9709
9711
9716
9719
9720
9720
9726
9728
9729
9730
9731
9750
9752
9763
9765
9768
9776
9781
9787
9790
9791
9797
9799
9801
9804
9807
9808
9809
9815
9823
9830
9832
9833
9836
9838
9839
9842
9844
9846
9848
9851
9851
9855
9859
9860
9860
9861
9862
9864
9866
9866
9872
9875
9876
9881
9884
9887
9891
9892
9893
9894
9912
9913
9915
9917
9917
9920
9921
9921
9923
9925
9927
9935
9946
9953
9961
9961
9969
9969
9971
9973
9975
9977
9980
9981
9987
9990
9993
9997
10000
10001
10005
10006
10006
10009
10012
10013
10019
10020
10021
10029
10033
10033
10038
10042
10046
10047
10048
10049
10050
10056
10062
10073
10076
10077
10080
10081
10081
10083
10085
10086
10086
10088
10090
10096
10097
10098
10110
10111
10112
10116
10122
10125
10127
10129
10131
10140
10145
10148
10149
10151
10153
10154
10161
10163
10166
10174
10179
10180
10181
10186
10188
10199
10202
10202
10204
10208
10214
10216
10221
10232
10235
10239
10241
10246
10246
10246
10251
10252
10252
10254
10258
10262
10263
10265
10268
10269
10270
10283
10283
10287
10289
10295
10297
10301
10304
10307
10320
10326
10327
10330
10330
10335
10336
10338
10345
10345
10347
10347
10349
10353
10353
10353
10354
10357
10358
10358
10362
10364
10371
10374
10374
10375
10385
10390
10390
10399
10400
10400
10401
10402
10406
10407
10408
10409
10410
10419
10420
10420
10424
10426
10427
10427
10436
10440
10440
10440
10441
10448
10449
10453
10455
10458
10459
10460
10466
10469
10469
10471
10480
10482
10483
10484
10484
10485
10489
10493
10494
10497
10500
10502
10506
10509
10510
10512
10525
10528
10530
10535
10536
10542
10544
10544
10544
10549
10551
10554
10558
10558
10563
10565
10566
10575
10581
10584
10586
10586
10594
10594
10594
10596
10601
10610
10613
10613
10613
10614
10616
10621
10622
10623
10625
10626
10639
10642
10647
10653
10666
10670
10684
10689
10697
10714
10715
10717
10717
10723
10725
10726
10729
10729
10729
10736
10748
10748
10754
10775
10777
10784
10784
10784
10790
10792
10797
10800
10806
10809
10813
10821
10824
10826
10831
10838
10840
10846
10848
10849
10853
10853
10854
10856
10856
10857
10858
10859
10868
10869
10872
10872
10874
10875
10880
10881
10884
10885
10892
10896
10896
10898
10900
10900
10905
10907
10910
10912
10914
10926
10936
10938
10940
10942
10943
10949
10962
10963
10964
10973
10981
10984
10998
11011
11011
11020
11025
11026
11028
11032
11034
11036
11037
11037
11041
11041
11046
11052
11052
11059
11063
11066
11068
11068
11070
11077
11079
11080
11081
11085
11087
11092
11096
11101
11109
11111
11113
11115
11115
11116
11117
11123
11126
11128
11130
11133
11137
11138
11140
11146
11148
11155
11156
11160
11163
11164
11169
11175
11178
11183
11184
11184
11187
11194
11215
11216
11220
11222
11225
11228
11231
11232
11236
11242
11249
11249
11250
11256
11256
11257
11258
11262
11266
11266
11273
11274
11278
11280
11280
11280
11281
11294
11294
11296
11299
11301
11304
11308
11311
11311
11316
11323
11324
11328
11330
11337
11338
11342
11347
11350
11353
11356
11359
11364
11364
11367
11369
11372
11384
11385
11385
11386
11387
11388
11394
11396
11400
11402
11403
11406
11410
11414
11417
11420
11424
11430
11437
11438
11438
11438
11439
11442
11445
11446
11449
11449
11451
11452
11454
11461
11474
11475
11476
11482
11483
11498
11500
11507
11509
11511
11517
11523
11525
11527
11530
11532
11534
11540
11553
11553
11554
11557
11559
11573
11573
11574
11574
11574
11575
11584
11594
11596
11597
11598
11601
11601
11604
11605
11607
11608
11613
11613
11615
11618
11621
11630
11632
11632
11633
11633
11636
11639
11645
11653
11654
11663
11664
11667
11669
11669
11670
11672
11680
11685
11688
11689
11692
11695
11701
11709
11710
11714
11715
11717
11721
11728
11729
11733
11737
11745
11747
11747
11748
11749
11749
11751
11752
11752
11753
11762
11768
11768
11770
11772
11773
11773
11773
11790
11797
11797
11799
11807
11809
11810
11810
11816
11817
11820
11821
11825
11826
11834
11838
11844
11851
11857
11859
11862
11863
11864
11873
11880
11889
11902
11908
11908
11916
11917
11917
11922
11922
11923
11923
11928
11936
11937
11939
11941
11941
11942
11942
11944
11944
11945
11947
11954
11961
11963
11965
11965
11977
11978
11978
11979
11986
11988
11991
11991
11991
12000
12006
12020
12024
12026
12029
12031
12034
12036
12041
12045
12046
12046
12053
12056
12057
12060
12060
12066
12067
12067
12071
12073
12076
12076
12078
12082
12085
12085
12086
12088
12092
12094
12096
12109
12110
12116
12116
12118
12123
12128
12129
12130
12130
12131
12134
12140
12141
12150
12150
12152
12156
12164
12170
12176
12189
12191
12192
12195
12199
12206
12209
12209
12213
12217
12221
12222
12226
12226
12236
12238
12238
12239
12239
12243
12245
12245
12246
12247
12254
12256
12261
12261
12265
12267
12272
12274
12276
12283
12283
12285
12287
12291
12302
12302
12306
12307
12309
12311
12315
12315
12321
12323
12330
12331
12339
12340
12345
12346
12350
12351
12353
12354
12361
12362
12363
12364
12371
12378
12389
12394
12399
12404
12405
12405
12407
12411
12415
12416
12417
12421
12429
12434
12435
12436
12439
12443
12447
12447
12450
12452
12467
12470
12472
12474
12478
12480
12481
12485
12485
12490
12493
12496
12496
12505
12507
12512
12515
12516
12525
12530
12534
12534
12536
12544
12551
12551
12555
12555
12560
12563
12565
12567
12572
12572
12584
12587
12592
12596
12596
12598
12599
12600
12602
12610
12611
12613
12614
12618
12618
12618
12625
12636
12642
12643
12649
12649
12650
12655
12656
12657
12659
12667
12694
12694
12696
12700
12701
12701
12702
12703
12707
12709
12710
12720
12725
12726
12728
12738
12743
12748
12749
12750
12751
12757
12757
12757
12762
12769
12769
12770
12771
12773
12778
12778
12779
12780
12780
12781
12782
12783
12789
12790
12794
12811
12816
12817
12820
12828
12839
12839
12844
12850
12851
12851
12855
12858
12860
12860
12866
12867
12872
12879
12881
12884
12885
12889
12891
12892
12896
12900
12905
12912
12919
12930
12931
12933
12938
12940
12940
12941
12943
12945
12953
12954
12954
12955
12955
12960
12972
12973
12975
12978
12979
12985
12987
12993
12996
12996
13010
13011
13014
13015
13020
13026
13027
13028
13030
13031
13038
13046
13046
13050
13051
13051
13062
13063
13066
13071
13073
13076
13080
13081
13086
13088
13091
13094
13097
13097
13098
13100
13100
13110
13112
13113
13115
13120
13121
13126
13130
13131
13133
13137
13141
13141
13143
13144
13146
13148
13149
13152
13153
13156
13157
13159
13166
13167
13172
13172
13179
13187
13195
13206
13209
13212
13213
13223
13225
13227
13228
13231
13235
13237
13238
13238
13238
13242
13243
13245
13246
13247
13248
13249
13249
13253
13257
13258
13259
13264
13265
13267
13271
13276
13288
13291
13292
13294
13298
13313
13316
13323
13324
13330
13333
13335
13342
13348
13350
13353
13363
13368
13372
13373
13375
13377
13386
13389
13392
13394
13395
13400
13403
13404
13409
13411
13413
13421
13426
13427
13430
13439
13440
13442
13444
13446
13449
13450
13451
13457
13458
13458
13463
13466
13467
13469
13476
13477
13480
13480
13482
13485
13490
13491
13491
13492
13494
13498
13499
13501
13501
13505
13508
13508
13511
13511
13514
13516
13518
13520
13521
13521
13523
13523
13526
13528
13532
13534
13536
13540
13552
13553
13560
13571
13572
13573
13576
13579
13589
13591
13593
13593
13595
13595
13597
13598
13603
13603
13606
13609
13609
13610
13610
13611
13628
13634
13641
13642
13642
13644
13644
13650
13652
13655
13656
13660
13661
13664
13667
13672
13692
13697
13699
13710
13715
13716
13718
13719
13729
13737
13740
13741
13743
13744
13748
13751
13752
13753
13759
13767
13768
13773
13775
13779
13779
13787
13792
13801
13803
13805
13806
13807
13811
13816
13820
13820
13827
13828
13830
13831
13845
13848
13850
13855
13866
13868
13868
13881
13883
13887
13889
13905
13908
13910
13911
13919
13922
13930
13930
13931
13932
13932
13936
13937
13938
13940
13943
13944
13948
13954
13955
13957
13957
13959
13959
13960
13966
13969
13970
13971
13975
13980
13984
13988
13988
13989
14001
14002
14005
14007
14008
14013
14014
14015
14016
14020
14026
14028
14034
14041
14044
14046
14051
14053
14058
14059
14061
14065
14067
14067
14070
14070
14076
14080
14084
14086
14098
14100
14110
14113
14116
14117
14121
14124
14124
14125
14128
14135
14138
14140
14140
14145
14147
14154
14154
14154
14155
14163
14163
14164
14168
14180
14180
14182
14183
14184
14186
14186
14190
14196
14203
14205
14208
14208
14209
14212
14214
14216
14216
14219
14227
14230
14230
14230
14237
14249
14250
14251
14262
14264
14268
14268
14270
14271
14271
14274
14279
14283
14294
14296
14300
14302
14305
14306
14308
14310
14320
14326
14334
14334
14337
14340
14343
14345
14345
14348
14351
14353
14359
14362
14364
14368
14369
14369
14378
14384
14386
14386
14388
14395
14397
14398
14405
14408
14410
14411
14413
14413
14414
14415
14418
14422
14424
14429
14429
14431
14444
14446
14450
14454
14456
14456
14460
14462
14463
14467
14468
14472
14472
14474
14477
14481
14484
14491
14492
14504
14506
14507
14507
14509
14515
14517
14523
14527
14531
14531
14531
14538
14539
14541
14542
14543
14546
14549
14549
14552
14555
14561
14565
14569
14571
14575
14576
14582
14586
14586
14590
14590
14595
14595
14595
14596
14596
14609
14610
14612
14617
14618
14619
14620
14621
14622
14625
14628
14630
14632
14634
14635
14637
14641
14647
14647
14652
14652
14655
14657
14661
14662
14664
14667
14668
14676
14680
14685
14690
14692
14696
14704
14704
14709
14713
14714
14714
14715
14736
14740
14741
14743
14746
14751
14752
14754
14758
14759
14766
14771
14777
14787
14788
14789
14790
14793
14796
14801
14802
14802
14802
14810
14812
14813
14824
14824
14825
14827
14829
14831
14833
14834
14841
14841
14847
14850
14854
14857
14858
14866
14870
14874
14874
14883
14890
14892
14893
14898
14905
14905
14908
14910
14910
14918
14918
14920
14922
14924
14927
14929
14930
14933
14933
14933
14939
14940
14942
14942
14942
14945
14956
14958
14960
14961
14962
14971
14985
14986
14989
14995
14999
15000
15005
15007
15007
15012
15012
15012
15012
15012
15016
15019
15020
15021
15024
15033
15034
15036
15037
15041
15041
15041
15042
15043
15046
15050
15052
15053
15057
15058
15059
15060
15063
15069
15070
15070
15077
15078
15080
15082
15089
15096
15096
15097
15103
15106
15108
15111
15113
15122
15123
15126
15132
15135
15138
15140
15140
15141
15157
15158
15159
15161
15169
15169
15178
15182
15183
15184
15185
15194
15195
15197
15201
15209
15211
15211
15213
15218
15219
15220
15220
15221
15227
15228
15234
15240
15244
15248
15254
15256
15258
15263
15266
15267
15270
15274
15276
15277
15279
15279
15283
15286
15288
15292
15295
15295
15297
15306
15313
15314
15317
15318
15319
15324
15324
15337
15338
15342
15343
15343
15344
15350
15351
15356
15363
15365
15369
15370
15374
15383
15383
15386
15387
15387
15388
15391
15393
15398
15399
15401
15403
15407
15410
15413
15416
15416
15424
15432
15440
15441
15450
15452
15454
15455
15459
15459
15462
15464
15470
15471
15471
15473
15476
15476
15484
15486
15487
15492
15495
15501
15504
15507
15508
15511
15513
15515
15516
15520
15521
15521
15524
15524
15526
15530
15530
15538
15540
15541
15543
15543
15550
15551
15551
15557
15574
15574
15577
15580
15581
15589
15590
15592
15592
15593
15594
15596
15597
15598
15607
15608
15608
15616
15620
15620
15623
15626
15627
15632
15633
15634
15637
15639
15640
15646
15657
15660
15665
15667
15669
15675
15676
15679
15680
15680
15686
15688
15692
15703
15704
15704
15707
15708
15709
15711
15721
15727
15740
15743
15743
15745
15752
15754
15755
15761
15761
15761
15762
15763
15764
15767
15771
15777
15787
15789
15795
15798
15802
15803
15806
15809
15812
15814
15821
15823
15826
15827
15836
15838
15839
15842
15851
15851
15857
15858
15867
15868
15879
15882
15886
15887
15893
15901
15906
15907
15908
15909
15911
15913
15915
15925
15926
15927
15929
15932
15933
15941
15944
15947
15948
15950
15953
15964
15964
15968
15970
15979
15980
15986
15988
15991
15992
15995
15995
15996
16000
16004
16009
16017
16022
16032
16034
16038
16039
16046
16047
16048
16051
16060
16068
16070
16075
16075
16088
16097
16105
16110
16112
16116
16117
16120
16120
16123
16124
16127
16130
16131
16134
16135
16136
16140
16143
16145
16146
16150
16157
16157
16157
16159
16160
16160
16167
16168
16172
16176
16179
16184
16185
16187
16188
16194
16198
16201
16204
16214
16215
16221
16232
16237
16239
16240
16242
16248
16251
16251
16258
16258
16259
16263
16267
16271
16279
16286
16295
16296
16297
16300
16300
16301
16302
16303
16305
16308
16311
16313
16315
16316
16320
16322
16329
16331
16335
16338
16341
16345
16347
16347
16355
16361
16362
16364
16369
16370
16372
16373
16375
16378
16382
16383
16383
16389
16393
16393
16401
16410
16417
16420
16421
16423
16425
16426
16427
16429
16433
16438
16448
16449
16450
16462
16473
16475
16479
16480
16484
16484
16491
16497
16504
16506
16509
16509
16509
16511
16513
16519
16524
16524
16529
16533
16537
16539
16547
16551
16555
16568
16569
16570
16574
16577
16579
16580
16583
16588
16603
16604
16607
16609
16612
16616
16625
16629
16630
16632
16640
16641
16642
16649
16649
16659
16661
16662
16668
16668
16672
16683
16697
16697
16700
16700
16702
16703
16708
16709
16714
16719
16722
16724
16725
16728
16730
16730
16736
16738
16739
16745
16749
16750
16753
16755
16761
16763
16764
16770
16773
16775
16782
16785
16793
16795
16797
16800
16800
16802
16804
16809
16810
16813
16815
16815
16815
16816
16823
16827
16827
16830
16835
16837
16842
16845
16854
16856
16864
16864
16870
16877
16878
16880
16881
16885
16898
16899
16901
16910
16913
16918
16919
16921
16921
16925
16927
16936
16936
16938
16938
16938
16945
16947
16950
16958
16960
16966
16966
16968
16979
16986
16987
16990
16990
16994
16995
17001
17002
17003
17009
17009
17009
17010
17011
17012
17014
17019
17027
17028
17033
17035
17036
17039
17040
17042
17055
17060
17063
17064
17069
17069
17071
17071
17073
17073
17073
17077
17085
17085
17086
17091
17093
17104
17111
17118
17119
17120
17120
17121
17121
17124
17127
17132
17143
17147
17148
17152
17152
17153
17160
17164
17165
17168
17170
17171
17179
17182
17190
17192
17196
17197
17197
17210
17219
17223
17226
17227
17228
17229
17232
17233
17236
17238
17242
17244
17248
17252
17253
17257
17258
17261
17267
17275
17276
17278
17281
17287
17290
17291
17299
17301
17306
17321
17322
17326
17329
17329
17335
17336
17340
17347
17347
17349
17349
17349
17350
17351
17356
17358
17358
17358
17358
17362
17364
17365
17365
17372
17377
17379
17385
17391
17391
17395
17398
17405
17406
17409
17413
17415
17419
17426
17427
17429
17432
17434
17437
17441
17446
17451
17458
17460
17464
17469
17471
17471
17473
17477
17477
17480
17488
17494
17496
17504
17507
17511
17521
17525
17527
17529
17535
17536
17537
17537
17540
17540
17550
17554
17561
17562
17562
17564
17568
17575
17582
17583
17586
17588
17596
17597
17601
17601
17603
17603
17606
17611
17612
17612
17614
17615
17616
17620
17620
17621
17626
17630
17634
17637
17638
17638
17639
17646
17652
17653
17655
17659
17660
17664
17667
17671
17672
17677
17681
17681
17695
17695
17701
17702
17711
17713
17714
17717
17719
17721
17722
17722
17727
17728
17733
17734
17745
17749
17750
17754
17755
17760
17762
17763
17770
17776
17778
17781
17783
17789
17792
17793
17796
17798
17799
17801
17803
17805
17806
17806
17807
17807
17812
17813
17815
17816
17820
17824
17825
17829
17833
17835
17838
17843
17853
17853
17860
17864
17866
17866
17868
17868
17870
17870
17875
17883
17885
17885
17886
17890
17892
17897
17899
17910
17913
17914
17923
17930
17933
17934
17934
17936
17936
17937
17938
17944
17945
17951
17956
17958
17960
17966
17971
17973
17973
17974
17975
17981
17981
17989
17989
17991
17993
17994
17994
18002
18004
18009
18015
18022
18026
18028
18029
18033
18033
18034
18037
18040
18045
18051
18052
18054
18056
18063
18067
18069
18070
18071
18072
18072
18081
18085
18088
18094
18111
18122
18142
18146
18146
18148
18150
18152
18155
18158
18158
18164
18167
18168
18170
18170
18174
18178
18192
18195
18199
18202
18204
18207
18209
18209
18212
18213
18213
18218
18221
18222
18225
18226
18227
18228
18229
18229
18230
18231
18231
18234
18235
18236
18240
18241
18244
18245
18249
18256
18262
18269
18276
18277
18277
18292
18295
18298
18299
18300
18301
18302
18307
18319
18321
18323
18325
18326
18326
18330
18333
18335
18337
18339
18340
18344
18346
18356
18358
18359
18361
18363
18369
18371
18372
18377
18381
18383
18385
18386
18386
18386
18386
18388
18396
18399
18405
18412
18413
18416
18429
18431
18435
18439
18439
18441
18441
18443
18451
18455
18457
18460
18462
18464
18469
18471
18485
18486
18492
18492
18494
18504
18508
18509
18513
18514
18520
18521
18523
18526
18527
18531
18533
18543
18544
18553
18559
18560
18562
18566
18567
18572
18577
18585
18585
18587
18589
18594
18597
18597
18601
18602
18611
18613
18616
18616
18618
18618
18621
18622
18622
18626
18627
18628
18628
18640
18642
18649
18660
18665
18666
18677
18680
18681
18681
18681
18687
18690
18695
18697
18698
18698
18700
18710
18711
18714
18716
18719
18725
18726
18727
18731
18732
18736
18739
18740
18753
18754
18757
18758
18762
18764
18768
18773
18780
18798
18799
18799
18802
18806
18809
18809
18813
18815
18815
18817
18823
18830
18832
18835
18836
18837
18842
18847
18853
18854
18858
18859
18861
18871
18876
18877
18883
18884
18885
18889
18890
18894
18900
18903
18906
18907
18914
18919
18921
18933
18939
18940
18942
18949
18954
18962
18965
18969
18972
18973
18987
18988
18989
18990
19005
19006
19011
19015
19017
19024
19025
19027
19032
19034
19035
19049
19052
19057
19058
19058
19062
19062
19064
19065
19066
19067
19067
19067
19067
19068
19073
19074
19077
19087
19089
19090
19099
19101
19102
19104
19104
19107
19108
19110
19111
19113
19120
19126
19126
19130
19134
19134
19134
19136
19137
19139
19141
19149
19151
19156
19162
19167
19175
19177
19179
19182
19184
19191
19192
19194
19195
19201
19205
19206
19212
19214
19215
19219
19222
19225
19229
19230
19233
19235
19235
19237
19237
19238
19248
19248
19248
19258
19258
19261
19262
19262
19263
19265
19268
19268
19275
19281
19296
19298
19299
19303
19303
19306
19307
19318
19318
19322
19327
19336
19337
19341
19346
19350
19353
19353
19356
19359
19360
19363
19368
19377
19377
19380
19383
19383
19385
19385
19392
19393
19394
19397
19401
19403
19409
19412
19418
19421
19426
19429
19442
19443
19444
19446
19447
19458
19459
19459
19469
19470
19476
19482
19484
19484
19485
19486
19492
19496
19504
19510
19511
19513
19522
19523
19523
19525
19526
19532
19533
19534
19536
19540
19541
19541
19542
19555
19558
19563
19563
19564
19571
19572
19578
19585
19587
19591
19592
19592
19596
19609
19610
19619
19621
19629
19630
19638
19642
19647
19650
19650
19652
19653
19655
19658
19662
19663
19663
19665
19665
19668
19673
19674
19675
19679
19680
19682
19687
19687
19694
19696
19702
19703
19704
19712
19720
19728
19730
19731
19731
19740
19743
19746
19750
19750
19753
19755
19757
19759
19766
19768
19770
19773
19774
19778
19780
19780
19787
19788
19790
19795
19797
19803
19803
19805
19814
19821
19822
19823
19824
19831
19833
19839
19840
19843
19845
19846
19848
19858
19872
19872
19873
19881
19882
19883
19895
19899
19904
19912
19919
19922
19922
19923
19927
19928
19928
19932
19936
19939
19941
19941
19941
19943
19946
19947
19947
19953
19954
19957
19961
19962
19963
19964
19964
19984
19985
19996
19998
20000
20001
20002
20007
20023
20024
20032
20038
20039
20042
20043
20050
20050
20057
20057
20057
20059
20061
20062
20065
20066
20068
20072
20073
20076
20077
20082
20097
20099
20108
20118
20120
20125
20128
20129
20131
20135
20137
20137
20140
20144
20145
20147
20148
20149
20158
20161
20163
20163
20163
20164
20166
20171
20173
20174
20175
20186
20188
20189
20190
20192
20195
20196
20196
20196
20196
20196
20201
20203
20211
20212
20215
20217
20228
20231
20237
20238
20241
20246
20257
20262
20264
20266
20269
20280
20283
20287
20290
20291
20292
20293
20299
20311
20317
20319
20321
20322
20330
20331
20339
20340
20341
20346
20347
20355
20357
20359
20361
20365
20366
20370
20371
20371
20373
20375
20378
20380
20381
20383
20384
20388
20389
20399
20402
20410
20410
20413
20414
20419
20425
20429
20432
20440
20441
20442
20442
20443
20453
20455
20461
20461
20461
20474
20477
20480
20482
20484
20484
20489
20489
20491
20491
20492
20493
20498
20500
20504
20509
20513
20513
20517
20525
20528
20528
20531
20533
20534
20539
20540
20545
20546
20546
20550
20552
20552
20552
20557
20564
20564
20565
20566
20567
20568
20569
20571
20578
20582
20588
20592
20593
20595
20601
20606
20607
20608
20609
20611
20612
20619
20621
20623
20626
20626
20628
20628
20629
20635
20636
20637
20645
20645
20651
20654
20657
20657
20658
20658
20662
20664
20670
20673
20673
20674
20674
20675
20676
20685
20689
20700
20700
20703
20704
20705
20707
20709
20709
20723
20742
20743
20743
20745
20747
20755
20755
20756
20756
20757
20762
20764
20768
20768
20772
20774
20783
20786
20787
20788
20790
20802
20802
20802
20804
20806
20810
20814
20814
20819
20840
20841
20848
20856
20860
20862
20866
20878
20880
20884
20884
20887
20888
20890
20890
20891
20895
20904
20906
20911
20917
20920
20925
20930
20934
20942
20944
20953
20960
20960
20961
20968
20973
20979
20980
20986
20988
20990
20993
20995
20997
20998
21012
21019
21024
21026
21028
21029
21031
21031
21034
21045
21053
21054
21067
21068
21073
21082
21084
21087
21089
21090
21098
21102
21102
21104
21106
21108
21110
21113
21118
21118
21119
21121
21123
21123
21126
21127
21127
21129
21130
21130
21131
21132
21135
21137
21143
21144
21149
21150
21153
21157
21159
21161
21164
21170
21171
21173
21173
21174
21175
21178
21188
21192
21193
21193
21198
21198
21201
21201
21212
21217
21220
21221
21221
21227
21229
21231
21233
21235
21239
21245
21252
21253
21256
21258
21259
21263
21264
21264
21266
21270
21289
21294
21299
21301
21308
21308
21309
21313
21317
21320
21321
21325
21333
21335
21340
21344
21346
21348
21349
21352
21354
21356
21360
21364
21369
21370
21374
21379
21390
21391
21392
21397
21398
21399
21400
21404
21411
21412
21412
21414
21414
21422
21422
21423
21423
21425
21430
21436
21436
21444
21454
21459
21460
21462
21464
21468
21468
21470
21475
21476
21481
21484
21491
21491
21493
21496
21496
21500
21503
21506
21508
21510
21514
21518
21525
21525
21525
21528
21537
21537
21537
21538
21540
21544
21546
21548
21554
21556
21557
21559
21562
21564
21565
21565
21574
21576
21577
21577
21577
21581
21585
21588
21588
21597
21598
21605
21606
21607
21610
21611
21613
21623
21626
21628
21640
21640
21642
21642
21643
21648
21648
21652
21652
21653
21655
21661
21663
21663
21665
21666
21668
21670
21675
21679
21684
21686
21687
21688
21689
21690
21692
21692
21695
21699
21700
21702
21702
21702
21702
21707
21707
21709
21714
21715
21717
21721
21721
21725
21725
21726
21726
21728
21729
21729
21732
21732
21733
21738
21744
21744
21749
21750
21750
21753
21756
21761
21764
21766
21766
21768
21768
21769
21772
21773
21774
21787
21788
21790
21791
21792
21793
21793
21794
21795
21799
21806
21808
21817
21821
21823
21823
21824
21831
21831
21835
21838
21839
21841
21843
21845
21849
21857
21858
21862
21866
21869
21871
21872
21894
21898
21903
21908
21910
21911
21912
21912
21916
21921
21922
21927
21928
21938
21946
21947
21947
21948
21949
21951
21951
21960
21963
21963
21964
21971
21971
21974
21977
21984
21988
21991
21994
22004
22009
22012
22013
22020
22025
22029
22033
22039
22039
22043
22043
22046
22049
22051
22051
22056
22057
22057
22059
22062
22064
22068
22069
22077
22078
22079
22080
22082
22086
22091
22102
22102
22106
22107
22108
22114
22118
22123
22126
22127
22129
22130
22135
22138
22146
22150
22151
22165
22167
22170
22177
22177
22181
22181
22182
22184
22187
22189
22189
22189
22189
22195
22196
22199
22204
22204
22205
22207
22208
22208
22210
22213
22214
22219
22225
22237
22240
22254
22259
22262
22269
22272
22275
22279
22289
22290
22293
22294
22300
22301
22303
22303
22304
22305
22306
22308
22313
22314
22318
22320
22331
22336
22341
22347
22348
22359
22363
22365
22365
22368
22368
22371
22372
22380
22387
22388
22393
22395
22404
22407
22418
22420
22420
22431
22434
22437
22437
22441
22442
22446
22447
22451
22459
22472
22472
22473
22477
22480
22487
22488
22489
22491
22494
22494
22495
22496
22496
22497
22500
22500
22504
22507
22510
22511
22527
22528
22533
22538
22538
22539
22544
22544
22552
22553
22554
22560
22561
22566
22566
22567
22567
22572
22578
22579
22582
22583
22583
22585
22586
22593
22596
22598
22599
22602
22610
22610
22613
22628
22639
22640
22643
22647
22653
22658
22659
22659
22661
22667
22669
22670
22670
22687
22689
22691
22695
22700
22706
22706
22710
22719
22723
22735
22739
22740
22742
22746
22750
22750
22752
22760
22766
22775
22777
22778
22781
22785
22789
22789
22791
22795
22797
22803
22805
22807
22815
22819
22822
22823
22824
22828
22837
22839
22845
22851
22852
22852
22856
22860
22864
22865
22871
22872
22878
22881
22882
22886
22887
22888
22895
22897
22903
22910
22910
22913
22925
22933
22936
22936
22937
22941
22942
22942
22944
22946
22954
22957
22964
22964
22971
22973
22978
22980
22982
22984
22984
22985
22988
22992
22995
23000
23006
23008
23011
23018
23021
23022
23029
23030
23034
23036
23037
23039
23041
23041
23043
23058
23059
23060
23061
23065
23067
23070
23079
23080
23084
23088
23090
23094
23094
23102
23104
23113
23116
23121
23123
23124
23125
23127
23128
23131
23135
23135
23137
23137
23137
23139
23141
23144
23145
23147
23148
23151
23151
23151
23152
23155
23160
23160
23162
23168
23185
23188
23188
23191
23191
23191
23193
23194
23194
23195
23195
23197
23198
23201
23207
23208
23217
23217
23222
23228
23233
23235
23241
23247
23251
23252
23254
23261
23266
23279
23282
23284
23285
23297
23298
23299
23300
23303
23308
23312
23321
23322
23326
23330
23333
23335
23340
23341
23341
23342
23343
23346
23347
23347
23351
23353
23354
23355
23356
23363
23368
23372
23372
23372
23372
23373
23374
23374
23375
23376
23379
23380
23381
23382
23386
23387
23388
23388
23398
23399
23399
23402
23404
23412
23413
23415
23415
23421
23426
23432
23434
23436
23437
23439
23440
23441
23442
23452
23454
23455
23455
23461
23462
23462
23462
23467
23470
23472
23475
23475
23477
23477
23483
23486
23494
23495
23495
23498
23500
23500
23502
23504
23523
23528
23531
23537
23537
23538
23538
23540
23541
23541
23544
23545
23552
23554
23555
23559
23564
23567
23569
23570
23578
23583
23585
23591
23597
23597
23608
23616
23626
23630
23633
23635
23640
23641
23642
23642
23655
23659
23662
23663
23663
23668
23668
23669
23673
23673
23674
23677
23678
23680
23681
23683
23683
23684
23685
23686
23687
23688
23690
23691
23692
23693
23693
23699
23707
23712
23713
23723
23724
23731
23733
23734
23736
23736
23744
23747
23758
23763
23764
23764
23765
23767
23779
23784
23785
23786
23788
23792
23795
23796
23816
23817
23821
23823
23825
23833
23835
23836
23838
23839
23844
23847
23853
23862
23863
23868
23871
23876
23887
23890
23895
23901
23905
23906
23908
23911
23912
23914
23918
23927
23927
23929
23932
23933
23933
23934
23934
23937
23937
23944
23949
23951
23953
23954
23954
23955
23957
23960
23966
23969
23978
23982
23983
23986
23986
23987
23997
24001
24008
24012
24016
24017
24022
24031
24031
24036
24043
24045
24046
24048
24051
24052
24057
24060
24061
24066
24067
24071
24073
24074
24074
24078
24078
24078
24079
24079
24089
24090
24093
24096
24103
24114
24116
24116
24124
24124
24124
24131
24142
24146
24162
24165
24166
24166
24166
24169
24169
24170
24174
24175
24177
24180
24181
24182
24182
24186
24194
24196
24200
24202
24202
24204
24214
24215
24218
24218
24220
24226
24226
24232
24236
24238
24242
24246
24247
24248
24248
24251
24252
24260
24273
24273
24275
24280
24283
24285
24289
24293
24293
24296
24299
24302
24305
24306
24309
24312
24314
24318
24322
24324
24324
24325
24330
24333
24336
24339
24349
24352
24352
24357
24357
24364
24367
24369
24374
24380
24381
24391
24394
24397
24399
24400
24402
24403
24405
24407
24410
24427
24438
24440
24440
24443
24445
24445
24446
24467
24470
24470
24472
24474
24478
24482
24483
24483
24484
24486
24502
24503
24504
24507
24511
24514
24520
24522
24523
24528
24530
24535
24537
24540
24541
24541
24542
24552
24555
24557
24557
24565
24565
24565
24573
24580
24582
24584
24588
24594
24599
24605
24607
24611
24616
24624
24625
24628
24630
24633
24635
24638
24640
24643
24646
24648
24650
24651
24652
24659
24661
24664
24665
24667
24672
24674
24675
24676
24676
24678
24682
24686
24692
24699
24704
24706
24708
24715
24716
24718
24721
24722
24723
24728
24730
24731
24735
24737
24744
24752
24753
24763
24763
24765
24768
24769
24770
24774
24775
24784
24786
24796
24796
24797
24798
24803
24803
24812
24817
24817
24818
24818
24821
24821
24826
24833
24834
24842
24843
24843
24844
24845
24853
24856
24858
24861
24866
24869
24872
24878
24879
24880
24885
24888
24892
24894
24895
24896
24909
24912
24912
24915
24915
24927
24940
24943
24946
24955
24957
24959
24963
24964
24965
24978
24983
24989
24990
24992
24993
24995
25000
25002
25005
25006
25013
25016
25022
25027
25027
25029
25036
25043
25043
25045
25050
25053
25057
25061
25062
25062
25064
25066
25068
25069
25079
25080
25091
25093
25094
25100
25106
25111
25116
25119
25120
25120
25121
25121
25140
25141
25145
25146
25146
25152
25158
25160
25160
25163
25168
25169
25172
25179
25184
25187
25192
25193
25206
25211
25211
25222
25224
25227
25230
25238
25239
25241
25246
25257
25261
25262
25264
25267
25272
25275
25276
25276
25279
25281
25283
25292
25298
25300
25301
25308
25318
25319
25319
25320
25320
25321
25322
25326
25327
25327
25332
25335
25336
25340
25351
25355
25361
25369
25374
25380
25384
25386
25386
25390
25393
25394
25395
25397
25401
25415
25415
25416
25424
25428
25429
25432
25439
25441
25445
25447
25452
25456
25463
25465
25470
25473
25478
25480
25482
25488
25492
25495
25503
25505
25505
25506
25507
25512
25512
25517
25519
25524
25524
25526
25529
25537
25538
25539
25543
25545
25547
25554
25562
25567
25573
25576
25580
25581
25582
25584
25587
25596
25601
25604
25604
25608
25612
25612
25613
25614
25621
25621
25621
25627
25629
25635
25638
25641
25641
25643
25644
25650
25653
25657
25660
25663
25664
25667
25670
25675
25676
25679
25680
25697
25705
25707
25708
25709
25715
25716
25721
25724
25724
25727
25730
25730
25733
25734
25737
25740
25744
25753
25754
25763
25764
25769
25773
25775
25778
25780
25781
25788
25793
25795
25804
25808
25811
25812
25812
25814
25817
25839
25843
25843
25846
25848
25853
25855
25856
25859
25869
25869
25886
25887
25889
25892
25897
25904
25904
25904
25904
25906
25907
25907
25907
25908
25909
25910
25911
25915
25916
25916
25929
25930
25932
25933
25938
25938
25939
25940
25944
25956
25958
25960
25966
25969
25980
25981
25998
26004
26008
26010
26011
26017
26019
26028
26028
26029
26031
26035
26036
26040
26040
26043
26045
26046
26051
26051
26055
26061
26062
26067
26067
26069
26075
26089
26092
26092
26094
26095
26096
26109
26109
26111
26115
26116
26123
26126
26127
26129
26133
26138
26141
26143
26145
26151
26159
26162
26164
26165
26166
26168
26169
26170
26171
26172
26179
26183
26185
26185
26187
26189
26197
26197
26201
26203
26206
26208
26213
26216
26217
26219
26222
26226
26227
26228
26228
26232
26235
26235
26236
26242
26243
26245
26265
26267
26267
26267
26271
26280
26283
26285
26286
26288
26289
26291
26301
26302
26307
26307
26308
26319
26320
26322
26325
26326
26327
26328
26331
26331
26334
26345
26349
26350
26354
26356
26366
26368
26369
26371
26372
26375
26376
26383
26383
26386
26389
26391
26395
26401
26402
26404
26406
26410
26410
26411
26411
26417
26431
26434
26436
26445
26449
26455
26457
26459
26462
26469
26471
26471
26471
26479
26480
26481
26484
26486
26489
26490
26497
26503
26506
26514
26524
26526
26528
26531
26533
26540
26540
26542
26544
26546
26554
26554
26562
26564
26565
26566
26570
26574
26577
26580
26583
26583
26584
26584
26587
26588
26593
26597
26608
26613
26616
26616
26625
26625
26625
26630
26630
26631
26631
26632
26637
26644
26656
26657
26658
26662
26664
26665
26666
26681
26682
26690
26692
26704
26707
26707
26709
26710
26716
26719
26722
26728
26738
26740
26745
26747
26747
26749
26752
26756
26757
26757
26763
26765
26767
26772
26774
26776
26776
26787
26795
26797
26805
26805
26810
26812
26816
26823
26830
26851
26854
26856
26858
26860
26871
26876
26890
26891
26891
26897
26897
26898
26899
26900
26903
26905
26915
26919
26919
26920
26924
26925
26932
26934
26934
26936
26941
26942
26943
26954
26956
26961
26963
26964
26964
26977
26979
26979
26981
26982
26988
26992
26996
27001
27003
27006
27008
27008
27019
27022
27032
27051
27061
27067
27069
27070
27071
27073
27074
27078
27081
27082
27084
27085
27103
27103
27107
27110
27110
27117
27118
27123
27124
27125
27149
27151
27154
27157
27163
27168
27179
27182
27184
27187
27191
27194
27198
27203
27203
27204
27205
27206
27209
27211
27218
27224
27227
27227
27228
27230
27241
27242
27244
27245
27252
27253
27255
27256
27260
27265
27268
27270
27271
27272
27272
27275
27283
27283
27284
27289
27292
27292
27299
27304
27308
27313
27326
27330
27333
27350
27362
27364
27371
27372
27375
27377
27378
27383
27393
27401
27402
27404
27406
27415
27420
27421
27423
27425
27431
27439
27440
27453
27454
27456
27461
27469
27471
27473
27473
27479
27485
27485
27487
27490
27491
27492
27492
27497
27497
27497
27501
27504
27507
27509
27510
27515
27518
27542
27542
27543
27544
27548
27549
27552
27553
27554
27554
27554
27559
27566
27572
27582
27583
27583
27585
27587
27587
27587
27588
27589
27592
27594
27599
27603
27605
27609
27624
27626
27627
27633
27634
27634
27642
27642
27663
27668
27674
27675
27676
27679
27681
27683
27686
27688
27689
27707
27710
27712
27725
27730
27731
27734
27740
27744
27751
27751
27752
27753
27762
27770
27774
27778
27792
27795
27797
27799
27800
27803
27807
27808
27812
27813
27818
27826
27833
27834
27834
27835
27841
27847
27849
27852
27853
27854
27867
27874
27874
27885
27892
27893
27893
27894
27897
27902
27910
27910
27918
27925
27925
27926
27930
27931
27938
27941
27950
27959
27961
27962
27965
27974
27983
27992
27995
28010
28015
28016
28017
28022
28022
28033
28034
28036
28044
28048
28049
28051
28052
28058
28061
28064
28069
28070
28074
28079
28079
28082
28084
28085
28087
28089
28092
28095
28099
28100
28100
28101
28103
28103
28109
28109
28113
28117
28117
28118
28119
28121
28124
28128
28130
28137
28141
28150
28151
28159
28160
28165
28172
28180
28182
28197
28198
28199
28199
28199
28202
28207
28209
28214
28214
28215
28216
28219
28220
28229
28229
28233
28236
28251
28262
28268
28269
28278
28279
28294
28294
28301
28302
28305
28307
28314
28317
28317
28318
28322
28323
28325
28332
28333
28333
28335
28337
28337
28340
28345
28345
28348
28352
28355
28356
28357
28361
28361
28361
28365
28365
28370
28370
28372
28373
28380
28381
28382
28382
28384
28384
28386
28389
28391
28391
28394
28395
28396
28397
28399
28400
28400
28403
28404
28409
28412
28414
28420
28424
28426
28426
28429
28430
28436
28442
28446
28456
28457
28457
28462
28466
28471
28480
28481
28488
28491
28495
28500
28501
28502
28504
28509
28513
28516
28528
28529
28529
28538
28541
28541
28552
28564
28569
28570
28570
28573
28579
28583
28584
28584
28598
28609
28610
28612
28615
28616
28619
28625
28631
28641
28642
28645
28647
28654
28659
28661
28663
28672
28677
28679
28679
28686
28688
28689
28689
28699
28700
28713
28714
28715
28716
28723
28725
28727
28727
28730
28733
28736
28736
28740
28746
28754
28754
28760
28765
28766
28767
28770
28772
28773
28782
28788
28790
28791
28796
28801
28809
28810
28810
28813
28829
28829
28830
28831
28834
28837
28844
28846
28847
28853
28857
28859
28867
28875
28876
28878
28879
28881
28882
28885
28887
28894
28900
28900
28902
28902
28904
28904
28906
28909
28914
28915
28921
28922
28926
28927
28938
28939
28941
28943
28944
28945
28948
28948
28954
28961
28964
28968
28970
28971
28971
28972
28974
28974
28976
28978
28985
28985
28991
28994
28996
28997
28999
28999
29005
29011
29015
29022
29023
29026
29026
29028
29030
29031
29031
29033
29036
29041
29042
29043
29051
29052
29058
29059
29061
29071
29074
29077
29077
29078
29088
29089
29091
29093
29095
29100
29107
29112
29114
29115
29123
29131
29136
29142
29144
29146
29149
29151
29151
29155
29159
29163
29165
29165
29177
29178
29186
29187
29191
29194
29194
29197
29201
29201
29203
29207
29209
29217
29221
29223
29234
29235
29254
29255
29257
29265
29266
29282
29287
29288
29288
29296
29296
29298
29299
29300
29303
29311
29315
29319
29320
29321
29322
29326
29331
29333
29335
29339
29340
29341
29342
29342
29343
29347
29350
29362
29365
29374
29377
29382
29387
29389
29394
29397
29403
29406
29411
29415
29417
29418
29424
29431
29433
29443
29444
29444
29446
29453
29456
29456
29461
29467
29468
29469
29472
29472
29473
29475
29478
29483
29484
29486
29494
29496
29497
29498
29502
29502
29503
29512
29518
29523
29530
29536
29541
29545
29546
29551
29553
29555
29563
29564
29566
29570
29573
29574
29576
29577
29578
29578
29580
29584
29596
29597
29605
29606
29606
29607
29615
29622
29622
29624
29625
29625
29633
29633
29635
29640
29640
29641
29642
29643
29649
29651
29651
29655
29655
29656
29656
29656
29659
29659
29673
29674
29678
29679
29688
29690
29697
29706
29708
29709
29710
29710
29712
29712
29713
29718
29718
29720
29721
29728
29735
29738
29746
29748
29749
29751
29753
29763
29763
29764
29765
29767
29768
29771
29773
29774
29774
29779
29780
29782
29783
29784
29789
29801
29803
29803
29805
29809
29809
29811
29812
29822
29825
29827
29827
29836
29838
29839
29846
29846
29850
29853
29853
29853
29858
29867
29869
29871
29874
29880
29880
29882
29883
29885
29888
29890
29890
29891
29891
29893
29895
29899
29900
29901
29901
29907
29908
29910
29914
29920
29935
29935
29937
29940
29943
29952
29953
29954
29956
29957
29959
29963
29976
29983
29986
29986
29993
29995
29995
30000
30026
30041
30041
30046
30053
30053
30056
30059
30063
30065
30068
30071
30073
30073
30074
30079
30081
30087
30088
30089
30091
30092
30098
30102
30107
30115
30123
30124
30124
30125
30132
30138
30138
30145
30146
30147
30149
30153
30156
30159
30161
30164
30172
30173
30175
30175
30176
30178
30179
30184
30190
30191
30191
30193
30193
30201
30206
30206
30213
30221
30222
30226
30230
30231
30232
30233
30234
30238
30239
30239
30239
30241
30242
30242
30245
30246
30247
30255
30260
30262
30264
30264
30264
30267
30270
30275
30279
30283
30292
30293
30301
30310
30312
30312
30321
30321
30324
30331
30331
30335
30336
30336
30337
30342
30346
30348
30355
30359
30365
30371
30375
30380
30380
30382
30383
30384
30384
30388
30391
30396
30397
30405
30406
30409
30417
30424
30428
30429
30431
30432
30433
30433
30441
30447
30447
30447
30448
30449
30450
30454
30457
30461
30463
30465
30467
30468
30469
30470
30473
30476
30477
30495
30495
30495
30498
30502
30502
30505
30506
30509
30511
30516
30517
30523
30523
30523
30533
30536
30538
30540
30541
30541
30544
30545
30545
30551
30552
30560
30571
30573
30574
30576
30576
30583
30588
30591
30594
30595
30601
30611
30611
30614
30614
30615
30616
30616
30621
30626
30627
30631
30641
30642
30643
30644
30645
30647
30647
30651
30657
30658
30659
30665
30672
30674
30674
30682
30682
30684
30684
30687
30687
30692
30699
30702
30702
30704
30705
30714
30715
30719
30736
30737
30737
30738
30745
30745
30749
30749
30749
30749
30752
30771
30772
30774
30776
30777
30779
30780
30781
30782
30783
30787
30787
30791
30794
30794
30796
30804
30806
30810
30815
30819
30820
30820
30822
30825
30829
30830
30838
30843
30845
30846
30847
30848
30849
30850
30853
30855
30856
30862
30864
30875
30885
30887
30891
30893
30897
30900
30902
30912
30914
30918
30922
30922
30924
30929
30929
30930
30935
30935
30941
30942
30949
30953
30954
30955
30958
30960
30962
30963
30973
30979
30984
30986
30990
30993
31000
31002
31004
31005
31006
31007
31012
31014
31019
31025
31026
31031
31034
31046
31048
31048
31049
31052
31053
31054
31058
31064
31073
31081
31087
31094
31104
31105
31106
31106
31108
31108
31109
31110
31124
31126
31132
31133
31134
31136
31140
31148
31149
31149
31150
31151
31153
31157
31162
31165
31168
31172
31185
31187
31189
31191
31194
31196
31198
31198
31198
31199
31201
31204
31204
31204
31209
31217
31219
31229
31237
31247
31249
31249
31254
31255
31259
31263
31268
31270
31270
31276
31279
31280
31280
31282
31283
31287
31287
31288
31291
31293
31293
31294
31295
31301
31305
31305
31306
31307
31309
31309
31313
31313
31323
31326
31328
31331
31331
31332
31332
31338
31343
31343
31345
31347
31352
31353
31359
31360
31362
31365
31367
31368
31370
31377
31379
31389
31395
31396
31397
31403
31407
31409
31411
31412
31414
31415
31417
31421
31427
31432
31435
31435
31438
31441
31460
31460
31470
31470
31475
31477
31480
31480
31482
31487
31488
31501
31501
31505
31506
31509
31510
31522
31525
31528
31528
31536
31536
31546
31550
31552
31557
31559
31560
31565
31566
31568
31569
31572
31583
31585
31589
31592
31594
31596
31600
31615
31616
31621
31625
31625
31629
31637
31637
31638
31641
31641
31643
31650
31651
31656
31658
31679
31682
31683
31689
31695
31701
31702
31704
31704
31704
31706
31707
31708
31709
31712
31716
31722
31725
31731
31732
31739
31741
31743
31745
31747
31748
31750
31763
31765
31767
31769
31769
31772
31780
31781
31784
31785
31785
31785
31787
31787
31790
31790
31792
31794
31794
31803
31805
31809
31810
31811
31812
31812
31819
31820
31823
31824
31826
31831
31834
31837
31839
31839
31841
31841
31843
31855
31858
31859
31859
31860
31862
31865
31865
31868
31869
31876
31877
31877
31888
31890
31890
31897
31900
31907
31909
31912
31912
31914
31915
31916
31919
31921
31926
31934
31934
31938
31944
31950
31960
31962
31963
31965
31970
31976
31980
31980
31981
31984
31998
32001
32001
32002
32010
32011
32011
32013
32013
32014
32019
32022
32031
32034
32034
32035
32038
32039
32041
32042
32042
32042
32047
32053
32065
32065
32069
32069
32075
32077
32083
32093
32094
32097
32100
32103
32103
32113
32115
32115
32118
32121
32122
32125
32132
32133
32133
32136
32139
32146
32148
32148
32156
32159
32160
32164
32168
32170
32175
32179
32181
32184
32185
32193
32194
32197
32202
32207
32212
32214
32215
32226
32236
32239
32242
32242
32258
32259
32268
32270
32270
32273
32281
32285
32296
32312
32315
32320
32325
32326
32327
32329
32330
32330
32332
32333
32338
32338
32350
32352
32364
32369
32378
32385
32389
32398
32404
32406
32407
32408
32409
32415
32420
32422
32423
32429
32432
32432
32435
32438
32438
32439
32439
32444
32451
32453
32453
32456
32461
32465
32468
32470
32473
32479
32479
32481
32484
32492
32493
32499
32506
32512
32515
32515
32518
32520
32525
32526
32530
32536
32543
32548
32549
32549
32552
32560
32566
32572
32573
32578
32579
32583
32586
32588
32596
32599
32605
32610
32611
32613
32621
32622
32622
32622
32623
32624
32632
32632
32634
32656
32664
32665
32667
32670
32677
32682
32687
32687
32694
32703
32706
32711
32713
32722
32724
32725
32727
32728
32729
32731
32740
32742
32742
32743
32745
32745
32747
32749
32758
32760
32764
32767
32767
